# 1.rho_tor 2.rho_pol 3.Te(keV) 4.ne(10^19m^-3)
#
0.000000000000000000e+00 0.000000000000000000e+00 1.040036803583297198e+00 8.300829999999999487e+00
5.780549421694903406e-02 8.838834764831871027e-02 1.040036796630292582e+00 8.090074330075349707e+00
8.200205497163555457e-02 1.249999999999999029e-01 1.040036715632816966e+00 7.965854096494773273e+00
1.006757479788508852e-01 1.530931089239487009e-01 1.040036414554379229e+00 7.860517285503330065e+00
1.165429736017842277e-01 1.767766952966367544e-01 1.040035681247455379e+00 7.767384730939193460e+00
1.307205470757286103e-01 1.976423537605237202e-01 1.040034229003994781e+00 7.683425859642724731e+00
1.436624299009922334e-01 2.165063509461097602e-01 1.040031710767448159e+00 7.607143814932874726e+00
1.556177455114464148e-01 2.338535866733712776e-01 1.040027733774319563e+00 7.537636443386507956e+00
1.668355567082472624e-01 2.500000000000000555e-01 1.040021817908758361e+00 7.473963265943311285e+00
1.775345004964666573e-01 2.651650429449552426e-01 1.040013346816826223e+00 7.415863911133810049e+00
1.877945488496297610e-01 2.795084971874737256e-01 1.040001644837632355e+00 7.362526132469863427e+00
1.976561921933228105e-01 2.931509849889644137e-01 1.039985983654872381e+00 7.313867946917754104e+00
2.071599181026595737e-01 3.061862178478972352e-01 1.039965560073317974e+00 7.269599720534015930e+00
2.163462141527544014e-01 3.186887195995490862e-01 1.039939483360846184e+00 7.229379915349396946e+00
2.252555679187211446e-01 3.307189138830737285e-01 1.039906754300842007e+00 7.192878044623633116e+00
2.339284669756739876e-01 3.423265984407288243e-01 1.039866234757223395e+00 7.159778917986522551e+00
2.424053988987270869e-01 3.535533905932738419e-01 1.039816606410199906e+00 7.130189222793287485e+00
2.507226289825443821e-01 3.644344934278312409e-01 1.039756350816540609e+00 7.104303457484646422e+00
2.588944790046640021e-01 3.750000000000000555e-01 1.039683890876776706e+00 7.080757691810438459e+00
2.669281644407262566e-01 3.852758751855611119e-01 1.039597563630633603e+00 7.060511826482397169e+00
2.748308971282957813e-01 3.952847075210474403e-01 1.039495577690557004e+00 7.042992408445408081e+00
2.826098889049372120e-01 4.050462936504913292e-01 1.039376006289252308e+00 7.029385275429647528e+00
2.902723516082150179e-01 4.145780987944249207e-01 1.039236778585485466e+00 7.015981976875601767e+00
2.978254970756938902e-01 4.238956239453293140e-01 1.039075668953785003e+00 7.002769897725193537e+00
3.052765371449382981e-01 4.330127018922192428e-01 1.038890284008811893e+00 6.999960315651907017e+00
3.126326836535128773e-01 4.419417382415922191e-01 1.038678047112671754e+00 6.997872930984956774e+00
3.199011484389824855e-01 4.506939094329986961e-01 1.038436180106466322e+00 6.995810426937792315e+00
3.270891433389110925e-01 4.592793267718458528e-01 1.038161681995360519e+00 6.993770757074945443e+00
3.342038801908640000e-01 4.677071733467427217e-01 1.037851304298995858e+00 6.991751874960940860e+00
3.412525708324051776e-01 4.759858191164943464e-01 1.037501522755893912e+00 6.989751734160307706e+00
3.482424271010995387e-01 4.841229182759271277e-01 1.037108505041303363e+00 6.987768288237574232e+00
3.551806608345116079e-01 4.921254921257381953e-01 1.036668074122611971e+00 6.985799490757267804e+00
3.620744838702057988e-01 4.999999999999999445e-01 1.036175666834762810e+00 6.984577533111211878e+00
3.689302310210008651e-01 5.077524002897475519e-01 1.035626361527599126e+00 6.990282616674391214e+00
3.757498475857080633e-01 5.153882032022074622e-01 1.035015201585941291e+00 6.995957633782627028e+00
3.825339084202428186e-01 5.229125165837972267e-01 1.034337063072198859e+00 7.001603062808437805e+00
3.892829879235329971e-01 5.303300858899105963e-01 1.033586559075569733e+00 7.007219381744056008e+00
3.959976604945061873e-01 5.376453291901642784e-01 1.032758036840392801e+00 7.013523202331565010e+00
4.026785005320904220e-01 5.448623679425842470e-01 1.031845575558896888e+00 7.021096508920186885e+00
4.093260824352132898e-01 5.519850541454904835e-01 1.030842984846896293e+00 7.028632114553926336e+00
4.159409806028029344e-01 5.590169943749474513e-01 1.029743803959930926e+00 7.036130670363353268e+00
4.225237694337868888e-01 5.659615711335885813e-01 1.028541301812001763e+00 7.043592827479035812e+00
4.290750233270931857e-01 5.728219618694799786e-01 1.027228477863934231e+00 7.047657386275181679e+00
4.355953166816495248e-01 5.796011559684814962e-01 1.025798063953528017e+00 7.051699501694971950e+00
4.420852238963837721e-01 5.863019699779287164e-01 1.024242527144960446e+00 7.055722779881888229e+00
4.485453193702236829e-01 5.929270612815711328e-01 1.022554073680381537e+00 7.059727576922173675e+00
4.549761775020971233e-01 5.994789404140898892e-01 1.020724654122249886e+00 7.063714248902071446e+00
4.613783726909318483e-01 6.059599821770411676e-01 1.018745969780639804e+00 7.067683151907824701e+00
4.677524793356559463e-01 6.123724356957944703e-01 1.016609480525455300e+00 7.071634642025676598e+00
4.740990718351968392e-01 6.187184335382290845e-01 1.014306414089194419e+00 7.075569075341869407e+00
4.804187245884826707e-01 6.250000000000000000e-01 1.011827776971470749e+00 7.079486807942646287e+00
4.867120119944410850e-01 6.312190586476298382e-01 1.009164367061935463e+00 7.083388195914249508e+00
4.929795084520000037e-01 6.373774391990980615e-01 1.006306788103386696e+00 7.087273595342923116e+00
4.992217883600871819e-01 6.434768838116875500e-01 1.003245466121648333e+00 7.091143362314909382e+00
5.054394261176303749e-01 6.495190528383290030e-01 9.999706679531153997e-01 7.092004281250495978e+00
5.116329961235575041e-01 6.555055301063447137e-01 9.964725220045870246e-01 7.086327768313924302e+00
5.178030727767964914e-01 6.614378277661476790e-01 9.927410413829755864e-01 7.080672787437268134e+00
5.239502304762749807e-01 6.673173907519569514e-01 9.887661495345700935e-01 7.075038812174076597e+00
5.300750436209210603e-01 6.731456008918129674e-01 9.845377085345325963e-01 7.066041126135401917e+00
5.361780866096620413e-01 6.789237807000134683e-01 9.800455501670578551e-01 7.054804841543554694e+00
5.422599338414262338e-01 6.846531968814576485e-01 9.752795099349038654e-01 7.042854801589974123e+00
5.483211597151411709e-01 6.903350635742038222e-01 9.702294641335884595e-01 7.027111141204470002e+00
5.543623386297348299e-01 6.959705453537526898e-01 9.648853701201686173e-01 7.010460804830612069e+00
5.603840449841349658e-01 7.015607600201140270e-01 9.592373098989752656e-01 6.990863595046808321e+00
5.663868531772693338e-01 7.071067811865475727e-01 9.532755371365929653e-01 6.968803836774571714e+00
5.723712946604327945e-01 7.126096406869611988e-01 9.469905740615243150e-01 6.944736587902558433e+00
5.783377014593641396e-01 7.180703308172535770e-01 9.403734566867627542e-01 6.918267872891500581e+00
5.842863477581813347e-01 7.234898064243890925e-01 9.334156846480609060e-01 6.888706028398664749e+00
5.902175077348770227e-01 7.288689868556625928e-01 9.261092318104311438e-01 6.856661715886419373e+00
5.961314555674451787e-01 7.342087577794207398e-01 9.184466158822458537e-01 6.822034742041418021e+00
6.020284654338783348e-01 7.395099728874520162e-01 9.104209710598838434e-01 6.784529438211930774e+00
6.079088115121700220e-01 7.447734554883115310e-01 9.020261234841336906e-01 6.744115784283509107e+00
6.137727679803131053e-01 7.500000000000000000e-01 8.932566692440658818e-01 6.700813501307292697e+00
6.196206090163011160e-01 7.551903733496607707e-01 8.841080546082314973e-01 6.654739388450137128e+00
6.254526087981270299e-01 7.603453162872775284e-01 8.745766581033388443e-01 6.605658151953691437e+00
6.312690415037837122e-01 7.654655446197431434e-01 8.646598739971768088e-01 6.553641265973719321e+00
6.370701813112649159e-01 7.705517503711220018e-01 8.543561966759232185e-01 6.498492389642163580e+00
6.428563023985631730e-01 7.756046028744285614e-01 8.436653053365321675e-01 6.440556894775013141e+00
6.486276789436723478e-01 7.806247497997997886e-01 8.325881483431981644e-01 6.379475641875364644e+00
6.543845851245851941e-01 7.856128181235334518e-01 8.211270265237983201e-01 6.315415326623016412e+00
6.601272951192947991e-01 7.905694150420948807e-01 8.092856746084098329e-01 6.248387522095715241e+00
6.658564632952501672e-01 7.954951288348659499e-01 7.970685159153362287e-01 6.178427664050613721e+00
6.715744446741864770e-01 8.003905296791060664e-01 7.844776533118242856e-01 6.105565972725228718e+00
6.772840696114803549e-01 8.052561704203203830e-01 7.715151935017650064e-01 6.029893089752150104e+00
6.829881684845090506e-01 8.100925873009825473e-01 7.581843183394765262e-01 5.951382591894391894e+00
6.886895716706483705e-01 8.149003006503311441e-01 7.444894029835682492e-01 5.870198321975549582e+00
6.943911095472747874e-01 8.196798155377500450e-01 7.304361441050734038e-01 5.786374157051779932e+00
7.000956124917648848e-01 8.244316223920574727e-01 7.160316981185965712e-01 5.700038305228397384e+00
7.058059108814949134e-01 8.291561975888499525e-01 7.012848291534475864e-01 5.611267181941887117e+00
7.115248350938415678e-01 8.338540040078958882e-01 6.862060662311552095e-01 5.520182196446605793e+00
7.172552155061809875e-01 8.385254915624211769e-01 6.708078688137205647e-01 5.426866851437316619e+00
7.229998824958898673e-01 8.431710977020026032e-01 6.551047995263474810e-01 5.331455213515075897e+00
7.287616664403439026e-01 8.477912478906585170e-01 6.391137024317229409e-01 5.234046097848278123e+00
7.345433977169204542e-01 8.523863560616159463e-01 6.228538847320249650e-01 5.134700559493230898e+00
7.403479067029955507e-01 8.569568250501304885e-01 6.063472991911365018e-01 5.033615487023300084e+00
7.461780237759452206e-01 8.615030470056388445e-01 5.896187238932836250e-01 4.930796377648813511e+00
7.520365793131467136e-01 8.660254037844385966e-01 5.726959351747201721e-01 4.826368561846413385e+00
7.579263090407611925e-01 8.705242673240074502e-01 5.556101436060660870e-01 4.720442515912642634e+00
7.638495407955528949e-01 8.750000000000000000e-01 5.383970479463067171e-01 4.613164976004281215e+00
7.698084925632595610e-01 8.794529549668930191e-01 5.210960676403888492e-01 4.504628355401774975e+00
7.758053823280576244e-01 8.838834764831844382e-01 5.037500589835378628e-01 4.394932607381732304e+00
7.818424280741234078e-01 8.882919002219934468e-01 4.864052986909798704e-01 4.284207544953519076e+00
7.879218477856334557e-01 8.926785535678563033e-01 4.691114072012439462e-01 4.172569090479205656e+00
7.940458594467645348e-01 8.970437559004577066e-01 4.519211983707267510e-01 4.060146151604311804e+00
8.002166810416925236e-01 9.013878188659972812e-01 4.348904395806736378e-01 3.946993664120229894e+00
8.064378128681679581e-01 9.057110466368398782e-01 4.180740769520906452e-01 3.833191253231278406e+00
8.127190537861571640e-01 9.100137361600647568e-01 4.015131669328927400e-01 3.718808596665673427e+00
8.190721333493816703e-01 9.142961773954870752e-01 3.852479069777791088e-01 3.603918523694856990e+00
8.255087816160073810e-01 9.185586535436918165e-01 3.693230547698220789e-01 3.488643878968584744e+00
8.320407286441996453e-01 9.228014412645875186e-01 3.537876305285553857e-01 3.373093831438508161e+00
8.386797044921245892e-01 9.270248108869578729e-01 3.386941074811056773e-01 3.257296447449383070e+00
8.454374392179483388e-01 9.312290266094587210e-01 3.240968408841937709e-01 3.141316766560219964e+00
8.523256628798359102e-01 9.354143466934853324e-01 3.100493556475063528e-01 3.025216098293955103e+00
8.593574060773209178e-01 9.395810236483067568e-01 2.965975075029655406e-01 2.909050343354963264e+00
8.665510989646116879e-01 9.437293044088437277e-01 2.837662333940336179e-01 2.792895959715168797e+00
8.739265727899804270e-01 9.478594305064438341e-01 2.715582800729228752e-01 2.676819723006960139e+00
8.815036588042823862e-01 9.519716382329885818e-01 2.599393597346401075e-01 2.560877885996496239e+00
8.893021882583713733e-01 9.560661587986472032e-01 2.488100919198058814e-01 2.445163621544660604e+00
8.973419924031028616e-01 9.601432184835759776e-01 2.379634724717752392e-01 2.329797327699265175e+00
9.056429024893309920e-01 9.642030387838445016e-01 2.270249396078143633e-01 2.215007203783002421e+00
9.142247497679105717e-01 9.682458365518542553e-01 2.153802708985461944e-01 2.100731170255415670e+00
9.231102637795641774e-01 9.722718241315028154e-01 2.021172813158719217e-01 1.987102992687696634e+00
9.323358863100504879e-01 9.762812094883317471e-01 1.860513162838781653e-01 1.874003406318283993e+00
9.419421103777897430e-01 9.802741963348826637e-01 1.660293915083617677e-01 1.761951126185184346e+00
9.519694296013634371e-01 9.842509842514763907e-01 1.416314885326114548e-01 1.651268564073591572e+00
9.625008496098381716e-01 9.882117688026185176e-01 1.139358912431061993e-01 1.542032820557124984e+00
9.738042926116440290e-01 9.921567416492215186e-01 8.541692065288648827e-02 1.434458601367415431e+00
9.861979464559079700e-01 9.960860906568267392e-01 5.955613596515996200e-02 1.328742998419529142e+00
1.000000000000000000e+00 1.000000000000000000e+00 3.933190395217319585e-02 1.225179999999999936e+00
