# 1.rho_tor 2.rho_pol 3.Te(keV) 4.ne(10^19m^-3)
#
0.000000000000000000e+00 0.000000000000000000e+00 1.100162633539267132e+00 3.750469999999999082e+00
5.743850543354890592e-02 8.838834764831882129e-02 1.100165243491175060e+00 3.725778772025436503e+00
8.173464529773108445e-02 1.249999999999997363e-01 1.100022687432571811e+00 3.702589229924324155e+00
1.001117722570662172e-01 1.530931089239486176e-01 1.099702119032384351e+00 3.680869617340611466e+00
1.155557900880957445e-01 1.767766952966370875e-01 1.099193870144943519e+00 3.660619977011313253e+00
1.292178929487707573e-01 1.976423537605235536e-01 1.098488911173333360e+00 3.641794913309371662e+00
1.415593010732134061e-01 2.165063509461096491e-01 1.097587250968810713e+00 3.624386372097172515e+00
1.528280418858896927e-01 2.338535866733714719e-01 1.096496507786811625e+00 3.608361395545529593e+00
1.632720797055191297e-01 2.499999999999998612e-01 1.095217875963989229e+00 3.593691911808809092e+00
1.731101217092323730e-01 2.651650429449552981e-01 1.093743923747234392e+00 3.580372904659301803e+00
1.824275361649524696e-01 2.795084971874738367e-01 1.092077475413091081e+00 3.568362729930620425e+00
1.912717262784867089e-01 2.931509849889642472e-01 1.090226634312829734e+00 3.557643937626924657e+00
1.996900925146574968e-01 3.061862178478972352e-01 1.088199262646874610e+00 3.548200816940195956e+00
2.077300353382865450e-01 3.186887195995491417e-01 1.086001795796122327e+00 3.540005995646856363e+00
2.154389552141958708e-01 3.307189138830737285e-01 1.083638239862056762e+00 3.533033948421036019e+00
2.228642526072077135e-01 3.423265984407288243e-01 1.081109338563435829e+00 3.527261460643791313e+00
2.300533279821438404e-01 3.535533905932738974e-01 1.078411884250305874e+00 3.522665426636126362e+00
2.370486791108928903e-01 3.644344934278311854e-01 1.075540241913381712e+00 3.519222733343358112e+00
2.438673240920662122e-01 3.750000000000000000e-01 1.072496303428595255e+00 3.516910240389972131e+00
2.505180295553092740e-01 3.852758751855611119e-01 1.069285130853156129e+00 3.515705019750158034e+00
2.570095579059227253e-01 3.952847075210473293e-01 1.065911829897749463e+00 3.515584060403947664e+00
2.633506715492079375e-01 4.050462936504912737e-01 1.062381388377591662e+00 3.516524376212994074e+00
2.695501328904652549e-01 4.145780987944250873e-01 1.058698532579178231e+00 3.518503020670784132e+00
2.756167043349959656e-01 4.238956239453292030e-01 1.054867599952436175e+00 3.521496696159498896e+00
2.815591482881004137e-01 4.330127018922192983e-01 1.050892427791709327e+00 3.525482546220925162e+00
2.873862271550797765e-01 4.419417382415922746e-01 1.046776257260636278e+00 3.530436863942376657e+00
2.931067033412346201e-01 4.506939094329985851e-01 1.042521651894044332e+00 3.536335687250559356e+00
2.987293392518660662e-01 4.592793267718459083e-01 1.038130429563272950e+00 3.543153256275999752e+00
3.042628972922747921e-01 4.677071733467426662e-01 1.033603606809081921e+00 3.550866858628263678e+00
3.097161398677615862e-01 4.759858191164942354e-01 1.028941354418247078e+00 3.559458007266441459e+00
3.150978293836274591e-01 4.841229182759271277e-01 1.024142963136830842e+00 3.568904290620757536e+00
3.204167282451729215e-01 4.921254921257381398e-01 1.019206818466593001e+00 3.579180517514167104e+00
3.256815988576990950e-01 4.999999999999999445e-01 1.014130383573808025e+00 3.590260902829602419e+00
3.309003303660053574e-01 5.077524002897475519e-01 1.008911078417817908e+00 3.602121754880067694e+00
3.360764412409512625e-01 5.153882032022075732e-01 1.003550115607882320e+00 3.614739354205670274e+00
3.412120853925261210e-01 5.229125165837971156e-01 9.980499954928553352e-01 3.628089759312467688e+00
3.463094162756936156e-01 5.303300858899105963e-01 9.924132003018530934e-01 3.642160199350887861e+00
3.513705873454167627e-01 5.376453291901641673e-01 9.866421802229921045e-01 3.656920349501189271e+00
3.563977520566591894e-01 5.448623679425841360e-01 9.807393416573970679e-01 3.672345434444851620e+00
3.613930638643841897e-01 5.519850541454904835e-01 9.747070371732889926e-01 3.688410870537590203e+00
3.663586762235551686e-01 5.590169943749474513e-01 9.685475571231212388e-01 3.705092485362058596e+00
3.712967425891355311e-01 5.659615711335884702e-01 9.622631228793896430e-01 3.722375940232236058e+00
3.762094164160887932e-01 5.728219618694799786e-01 9.558558816386863999e-01 3.740233812012405679e+00
3.810988511593781936e-01 5.796011559684814962e-01 9.493279027386549718e-01 3.758630812551908562e+00
3.859672002739672481e-01 5.863019699779286054e-01 9.426811754285582268e-01 3.777563459533173518e+00
3.908166172148192508e-01 5.929270612815711328e-01 9.359176080310995793e-01 3.796996468346526932e+00
3.956492554368976067e-01 5.994789404140898892e-01 9.290390284307336044e-01 3.816913165175664702e+00
4.004672683951657763e-01 6.059599821770410566e-01 9.220471858218726169e-01 3.837284180312170445e+00
4.052728095445871648e-01 6.123724356957944703e-01 9.149437536489929412e-01 3.858084051724174124e+00
4.100680323401251770e-01 6.187184335382290845e-01 9.077303336695308200e-01 3.879296586540672553e+00
4.148550902367428295e-01 6.250000000000000000e-01 9.004084610695309854e-01 3.900897035947565872e+00
4.196361366894043043e-01 6.312190586476298382e-01 8.929796105611393919e-01 3.922861312411275225e+00
4.244133251530722295e-01 6.373774391990980615e-01 8.854452033901440977e-01 3.945159811835385444e+00
4.291888090827103430e-01 6.434768838116874390e-01 8.778066151806965811e-01 3.967784410413607965e+00
4.339647419332820499e-01 6.495190528383290030e-01 8.700651845431138787e-01 3.990691738139896749e+00
4.387432771597507553e-01 6.555055301063447137e-01 8.622222223690673149e-01 4.013873986495649859e+00
4.435265682170796420e-01 6.614378277661475680e-01 8.542790217365318073e-01 4.037301384710108465e+00
4.483167685602324481e-01 6.673173907519569514e-01 8.462368683444910777e-01 4.060950581372821055e+00
4.531160316441723013e-01 6.731456008918129674e-01 8.380970513945423805e-01 4.084788573106924225e+00
4.579265109238626619e-01 6.789237807000134683e-01 8.298608748331580687e-01 4.108805284229560151e+00
4.627503598542669905e-01 6.846531968814576485e-01 8.215296688644575518e-01 4.132976318876069755e+00
4.675897318903486366e-01 6.903350635742038222e-01 8.131048016388671140e-01 4.157267015801701326e+00
4.724467804870709498e-01 6.959705453537526898e-01 8.045876910180219665e-01 4.181657127003861163e+00
4.773236590993974460e-01 7.015607600201140270e-01 7.959798163107290048e-01 4.206129169117796884e+00
4.822225211822913638e-01 7.071067811865475727e-01 7.872827298687651298e-01 4.230647926434324191e+00
4.871456454034019390e-01 7.126096406869611988e-01 7.784978444761406768e-01 4.255191970422598224e+00
4.920958918502955637e-01 7.180703308172535770e-01 7.696256205071244638e-01 4.279741533405406528e+00
4.970762892462516902e-01 7.234898064243890925e-01 7.606663041842752770e-01 4.304256533618191050e+00
5.020898663324058209e-01 7.288689868556625928e-01 7.516202467852802771e-01 4.328715456150822760e+00
5.071396518498937356e-01 7.342087577794206288e-01 7.424879247222864187e-01 4.353083419406791776e+00
5.122286745398505481e-01 7.395099728874520162e-01 7.332699587482971459e-01 4.377346425908370087e+00
5.173599631434120383e-01 7.447734554883115310e-01 7.239671321069401921e-01 4.401461667102128494e+00
5.225365464017137640e-01 7.500000000000000000e-01 7.145804073924632016e-01 4.425417594830048706e+00
5.277614530558909500e-01 7.551903733496607707e-01 7.051109418689284203e-01 4.449180293400432973e+00
5.330377118470795983e-01 7.603453162872774174e-01 6.955601009800234102e-01 4.472716217604800093e+00
5.383683515164146005e-01 7.654655446197431434e-01 6.859294697642374095e-01 4.495982618486641158e+00
5.437564008050317366e-01 7.705517503711220018e-01 6.762208618750742417e-01 4.518926025773084554e+00
5.492048884540667864e-01 7.756046028744285614e-01 6.664363258932851641e-01 4.541499476127654589e+00
5.547168432046549746e-01 7.806247497997997886e-01 6.565781486086593732e-01 4.563626911856500712e+00
5.602952937979318593e-01 7.856128181235334518e-01 6.466488549437082733e-01 4.585283870863180233e+00
5.659432689750328871e-01 7.905694150420948807e-01 6.366512041916814191e-01 4.606395598709326578e+00
5.716637974770939490e-01 7.954951288348659499e-01 6.265881822478618357e-01 4.626940332521393806e+00
5.774599080452498256e-01 8.003905296791060664e-01 6.164629895272237814e-01 4.646883138537786451e+00
5.833346294206367411e-01 8.052561704203203830e-01 6.062790242844278144e-01 4.666179032938206461e+00
5.892909903443899200e-01 8.100925873009825473e-01 5.960398610850174972e-01 4.684793826097362945e+00
5.953320195576445872e-01 8.149003006503311441e-01 5.857492242205435407e-01 4.702694785624354168e+00
6.014607458015367447e-01 8.196798155377500450e-01 5.754109559161982856e-01 4.719836933403741774e+00
6.076801978172016172e-01 8.244316223920574727e-01 5.650289792480130968e-01 4.736100151075577358e+00
6.139934043457748736e-01 8.291561975888499525e-01 5.546072557680840065e-01 4.751233513077891324e+00
6.204033941283919606e-01 8.338540040078958882e-01 5.441497379305542115e-01 4.764974649219840153e+00
6.269131959061884363e-01 8.385254915624211769e-01 5.336603165173219310e-01 4.777062063764891064e+00
6.335258384202996362e-01 8.431710977020026032e-01 5.231427633790761700e-01 4.787234215100822254e+00
6.402443504118610074e-01 8.477912478906585170e-01 5.126006699315197590e-01 4.795227880993429004e+00
6.470717606220086626e-01 8.523863560616159463e-01 5.020373819743295662e-01 4.800781114595104704e+00
6.540110977918773827e-01 8.569568250501304885e-01 4.914559315254630190e-01 4.803631789194749757e+00
6.610653906626030585e-01 8.615030470056388445e-01 4.808589664772130456e-01 4.803516435976139753e+00
6.682376679753211368e-01 8.660254037844385966e-01 4.702486789709655057e-01 4.800173942898533497e+00
6.755309533895138552e-01 8.705242673240074502e-01 4.596267407807501093e-01 4.793344058295025079e+00
6.829482486658157159e-01 8.750000000000000000e-01 4.489942552879984117e-01 4.782759916015559831e+00
6.904925496671580065e-01 8.794529549668930191e-01 4.383516626791335025e-01 4.767907695704143300e+00
6.981668522563876378e-01 8.838834764831844382e-01 4.276986633059798870e-01 4.748046603358568873e+00
7.059741522963517424e-01 8.882919002219934468e-01 4.170341519926463736e-01 4.722448517685864822e+00
7.139174456498971200e-01 8.926785535678563033e-01 4.063561537834931570e-01 4.690339120839825071e+00
7.219997281798715694e-01 8.970437559004577066e-01 3.956617591272602041e-01 4.650986028729985122e+00
7.302239957491214462e-01 9.013878188659972812e-01 3.849470544627072721e-01 4.603631541106076419e+00
7.385932442204938830e-01 9.057110466368398782e-01 3.742070410155968196e-01 4.547509663710914474e+00
7.471104694568366789e-01 9.100137361600647568e-01 3.634355297319368794e-01 4.481782215658015822e+00
7.557786673209964112e-01 9.142961773954870752e-01 3.526249927138784268e-01 4.405642580538377651e+00
7.646008336758201018e-01 9.185586535436918165e-01 3.417663398172581246e-01 4.318366365480926561e+00
7.735799643841551054e-01 9.228014412645875186e-01 3.308485709200456593e-01 4.219315991217900574e+00
7.827190553088479996e-01 9.270248108869578729e-01 3.198582262550708211e-01 4.108021056182880493e+00
7.920211023127468053e-01 9.312290266094587210e-01 3.087785138250385142e-01 3.984207839375884852e+00
8.014891012586975449e-01 9.354143466934853324e-01 2.975879266647473709e-01 3.847877337738813353e+00
8.111295090685418652e-01 9.395810236483067568e-01 2.862540012564830372e-01 3.699344970574295566e+00
8.209631522011034965e-01 9.437293044088437277e-01 2.747171136337900332e-01 3.539288296059992511e+00
8.310145857695451221e-01 9.478594305064438341e-01 2.628971442657228041e-01 3.368760281646718369e+00
8.413083648939001513e-01 9.519716382329885818e-01 2.506881099861327233e-01 3.189177566184197676e+00
8.518690446942042138e-01 9.560661587986472032e-01 2.379431568633410821e-01 3.002321891132229137e+00
8.627211802904906079e-01 9.601432184835759776e-01 2.244527027458985136e-01 2.810259879334105815e+00
8.738893268027942973e-01 9.642030387838445016e-01 2.099162919091886736e-01 2.615277155080796945e+00
8.853980393511492464e-01 9.682458365518542553e-01 1.939177404953592032e-01 2.419740261731740283e+00
8.972779671284761838e-01 9.722718241315028154e-01 1.759297831315553284e-01 2.226053003151655219e+00
9.095885913025784086e-01 9.762812094883317471e-01 1.554154771920793487e-01 2.036455189606225513e+00
9.223979113428256715e-01 9.802741963348826637e-01 1.322818835121370995e-01 1.853002851841156318e+00
9.357739279805122878e-01 9.842509842514762797e-01 1.076874595183834604e-01 1.677422301577395691e+00
9.498387997072275102e-01 9.882117688026185176e-01 8.448523720726046349e-02 1.511163577426072990e+00
9.649502576836818113e-01 9.921567416492215186e-01 6.603355497024249177e-02 1.355254616581174076e+00
9.815300684923123908e-01 9.960860906568266282e-01 5.431286867538347857e-02 1.210334640301373499e+00
1.000000000000000000e+00 1.000000000000000000e+00 4.860998460502877899e-02 1.078969999999999985e+00
