# 1.rho_tor 2.rho_pol 3.Te(keV) 4.ne(10^19m^-3)
#
0.000000000000000000e+00 0.000000000000000000e+00 1.097118000000000482e+00 3.558086718509307467e+00
5.743850543354890592e-02 8.838834764831882129e-02 1.098352573329239190e+00 3.558087070124567042e+00
8.173464529773108445e-02 1.249999999999997363e-01 1.099407994267378230e+00 3.558093315056995554e+00
1.001117722570662172e-01 1.530931089239486176e-01 1.100285803455780309e+00 3.558115910846687768e+00
1.155557900880957445e-01 1.767766952966370875e-01 1.100985881942703415e+00 3.558167220219599525e+00
1.292178929487707573e-01 1.976423537605235536e-01 1.101509827664116647e+00 3.558261508049777699e+00
1.415593010732134061e-01 2.165063509461096491e-01 1.101858428134074197e+00 3.558413382764058053e+00
1.528280418858896927e-01 2.338535866733714719e-01 1.102032643065140816e+00 3.558636555954286074e+00
1.632720797055191297e-01 2.499999999999998612e-01 1.102033434365923936e+00 3.558946040658478083e+00
1.731101217092323730e-01 2.651650429449552981e-01 1.101861738504866350e+00 3.559359987683724302e+00
1.824275361649524696e-01 2.795084971874738367e-01 1.101518527932946245e+00 3.559895001106423873e+00
1.912717262784867089e-01 2.931509849889642472e-01 1.101004740643814372e+00 3.560565994602741480e+00
1.996900925146574968e-01 3.061862178478972352e-01 1.100321296386920000e+00 3.561387380564043248e+00
2.077300353382865450e-01 3.186887195995491417e-01 1.099469186834764134e+00 3.562373601552751623e+00
2.154389552141958708e-01 3.307189138830737285e-01 1.098449323907872088e+00 3.563539896350016001e+00
2.228642526072077135e-01 3.423265984407288243e-01 1.097262702820868130e+00 3.564903270237930855e+00
2.300533279821438404e-01 3.535533905932738974e-01 1.095910324605472885e+00 3.566483649420469249e+00
2.370486791108928903e-01 3.644344934278311854e-01 1.094393071236120951e+00 3.568303832844240020e+00
2.438673240920662122e-01 3.750000000000000000e-01 1.092711758895039686e+00 3.570383093961238430e+00
2.505180295553092740e-01 3.852758751855611119e-01 1.090867219083198059e+00 3.572738637383331639e+00
2.570095579059227253e-01 3.952847075210473293e-01 1.088860353050814744e+00 3.575387283217996259e+00
2.633506715492079375e-01 4.050462936504912737e-01 1.086692221586241791e+00 3.578345531961100612e+00
2.695501328904652549e-01 4.145780987944250873e-01 1.084363909242310298e+00 3.581629663662991625e+00
2.756167043349959656e-01 4.238956239453292030e-01 1.081876443401726728e+00 3.585255869300115972e+00
2.815591482881004137e-01 4.330127018922192983e-01 1.079230599416292069e+00 3.589240410931502367e+00
2.873862271550797765e-01 4.419417382415922746e-01 1.076427325597109075e+00 3.593599807037312299e+00
2.931067033412346201e-01 4.506939094329985851e-01 1.073467471411847729e+00 3.598351039384913630e+00
2.987293392518660662e-01 4.592793267718459083e-01 1.070352050250323650e+00 3.603511777814501826e+00
3.042628972922747921e-01 4.677071733467426662e-01 1.067082027497202601e+00 3.609100619447573877e+00
3.097161398677615862e-01 4.759858191164942354e-01 1.063658380161370598e+00 3.615137338963219982e+00
3.150978293836274591e-01 4.841229182759271277e-01 1.060082306887883963e+00 3.621643146724599305e+00
3.204167282451729215e-01 4.921254921257381398e-01 1.056354577836329911e+00 3.628640951636964207e+00
3.256815988576990950e-01 4.999999999999999445e-01 1.052475592338736554e+00 3.636155625644988731e+00
3.309003303660053574e-01 5.077524002897475519e-01 1.048446831609812779e+00 3.644212866056969702e+00
3.360764412409512625e-01 5.153882032022075732e-01 1.044269975968234121e+00 3.652832869664095927e+00
3.412120853925261210e-01 5.229125165837971156e-01 1.039944805827926810e+00 3.662033308822752797e+00
3.463094162756936156e-01 5.303300858899105963e-01 1.035471930605593727e+00 3.671831127142096030e+00
3.513705873454167627e-01 5.376453291901641673e-01 1.030852818838579044e+00 3.682242463755222239e+00
3.563977520566591894e-01 5.448623679425841360e-01 1.026089375258593561e+00 3.693282573827412651e+00
3.613930638643841897e-01 5.519850541454904835e-01 1.021181373289375971e+00 3.704965745325982329e+00
3.663586762235551686e-01 5.590169943749474513e-01 1.016129478756153670e+00 3.717305211381851660e+00
3.712967425891355311e-01 5.659615711335884702e-01 1.010935834655223742e+00 3.730313057567165469e+00
3.762094164160887932e-01 5.728219618694799786e-01 1.005601389636332055e+00 3.744000123422223325e+00
3.810988511593781936e-01 5.796011559684814962e-01 1.000125502291074442e+00 3.758375897590585879e+00
3.859672002739672481e-01 5.863019699779286054e-01 9.945104688639077040e-01 3.773448405965497798e+00
3.908166172148192508e-01 5.929270612815711328e-01 9.887564014790553024e-01 3.789224092316020531e+00
3.956492554368976067e-01 5.994789404140898892e-01 9.828650230557925971e-01 3.805707690949873712e+00
4.004672683951657763e-01 6.059599821770410566e-01 9.768375382933406348e-01 3.822902091084480425e+00
4.052728095445871648e-01 6.123724356957944703e-01 9.706738092370472692e-01 3.840808192740805538e+00
4.100680323401251770e-01 6.187184335382290845e-01 9.643755094872182854e-01 3.859424754148883530e+00
4.148550902367428295e-01 6.250000000000000000e-01 9.579429873983804633e-01 3.878748230862199886e+00
4.196361366894043043e-01 6.312190586476298382e-01 9.513775656619081200e-01 3.898772607022800596e+00
4.244133251530722295e-01 6.373774391990980615e-01 9.446802815178190205e-01 3.919489219502292787e+00
4.291888090827103430e-01 6.434768838116874390e-01 9.378520524002615932e-01 3.940886575967692096e+00
4.339647419332820499e-01 6.495190528383290030e-01 9.308940652984549757e-01 3.962950168286029307e+00
4.387432771597507553e-01 6.555055301063447137e-01 9.238066626270180492e-01 3.985662283087998858e+00
4.435265682170796420e-01 6.614378277661475680e-01 9.165908803383077119e-01 4.009001811757042510e+00
4.483167685602324481e-01 6.673173907519569514e-01 9.092480403554905610e-01 4.032944062592904721e+00
4.531160316441723013e-01 6.731456008918129674e-01 9.017789498289967565e-01 4.057460578412231733e+00
4.579265109238626619e-01 6.789237807000134683e-01 8.941848293295634464e-01 4.082518963384908162e+00
4.627503598542669905e-01 6.846531968814576485e-01 8.864656765467667787e-01 4.108082723451298435e+00
4.675897318903486366e-01 6.903350635742038222e-01 8.786228546715999510e-01 4.134111125206756832e+00
4.724467804870709498e-01 6.959705453537526898e-01 8.706586186768500157e-01 4.160559078654569198e+00
4.773236590993974460e-01 7.015607600201140270e-01 8.625718741275910650e-01 4.187377049690883979e+00
4.822225211822913638e-01 7.071067811865475727e-01 8.543655807916384903e-01 4.214511008563058603e+00
4.871456454034019390e-01 7.126096406869611988e-01 8.460388808563753527e-01 4.241903118414452223e+00
4.920958918502955637e-01 7.180703308172535770e-01 8.375941833694418026e-01 4.269494318967384849e+00
4.970762892462516902e-01 7.234898064243890925e-01 8.290304777172646800e-01 4.297222064708307698e+00
5.020898663324058209e-01 7.288689868556625928e-01 8.203505050187056558e-01 4.325019403505137916e+00
5.071396518498937356e-01 7.342087577794206288e-01 8.115546052867590454e-01 4.352815045484134338e+00
5.122286745398505481e-01 7.395099728874520162e-01 8.026441393138612490e-01 4.380533498986805441e+00
5.173599631434120383e-01 7.447734554883115310e-01 7.936195314641490972e-01 4.408095280097966473e+00
5.225365464017137640e-01 7.500000000000000000e-01 7.844812770342973751e-01 4.435417200706987195e+00
5.277614530558909500e-01 7.551903733496607707e-01 7.752312331799682266e-01 4.462412737710160116e+00
5.330377118470795983e-01 7.603453162872774174e-01 7.658706764089214802e-01 4.488992482772347969e+00
5.383683515164146005e-01 7.654655446197431434e-01 7.563989479491365353e-01 4.515064667944955090e+00
5.437564008050317366e-01 7.705517503711220018e-01 7.468176975783951121e-01 4.540535757315581122e+00
5.492048884540667864e-01 7.756046028744285614e-01 7.371291983453803764e-01 4.565311088715346521e+00
5.547168432046549746e-01 7.806247497997997886e-01 7.273322776303019488e-01 4.589295542366148339e+00
5.602952937979318593e-01 7.856128181235334518e-01 7.174294933091435178e-01 4.612394205325491825e+00
5.659432689750328871e-01 7.905694150420948807e-01 7.074203879223132096e-01 4.634512991895505252e+00
5.716637974770939490e-01 7.954951288348659499e-01 6.973071718106593764e-01 4.655559171139626251e+00
5.774599080452498256e-01 8.003905296791060664e-01 6.870901017165378377e-01 4.675441743763410152e+00
5.833346294206367411e-01 8.052561704203203830e-01 6.767698720912386223e-01 4.694071602473311344e+00
5.892909903443899200e-01 8.100925873009825473e-01 6.663481755619218294e-01 4.711361403270459824e+00
5.953320195576445872e-01 8.149003006503311441e-01 6.558256698392342932e-01 4.727225070816481356e+00
6.014607458015367447e-01 8.196798155377500450e-01 6.452026068928172764e-01 4.741576859941142530e+00
6.076801978172016172e-01 8.244316223920574727e-01 6.344816062502358633e-01 4.754329898460799342e+00
6.139934043457748736e-01 8.291561975888499525e-01 6.236615429889172946e-01 4.765394144566303503e+00
6.204033941283919606e-01 8.338540040078958882e-01 6.127445145254329928e-01 4.774673705749933106e+00
6.269131959061884363e-01 8.385254915624211769e-01 6.017309378855081325e-01 4.782063485907690925e+00
6.335258384202996362e-01 8.431710977020026032e-01 5.906223646939298133e-01 4.787445152828023076e+00
6.402443504118610074e-01 8.477912478906585170e-01 5.794188931625156025e-01 4.790682449292842371e+00
6.470717606220086626e-01 8.523863560616159463e-01 5.681227086352375055e-01 4.791615906622561205e+00
6.540110977918773827e-01 8.569568250501304885e-01 5.567327095702098161e-01 4.790057058612946506e+00
6.610653906626030585e-01 8.615030470056388445e-01 5.452522260917929131e-01 4.785782295404117370e+00
6.682376679753211368e-01 8.660254037844385966e-01 5.336806430212185370e-01 4.778526540310247483e+00
6.755309533895138552e-01 8.705242673240074502e-01 5.220193223853007991e-01 4.767976986898439407e+00
6.829482486658157159e-01 8.750000000000000000e-01 5.102693031816211144e-01 4.753767206680173274e+00
6.904925496671580065e-01 8.794529549668930191e-01 4.984313140267550568e-01 4.735471891691561019e+00
6.981668522563876378e-01 8.838834764831844382e-01 4.865058760909574120e-01 4.712602663996422692e+00
7.059741522963517424e-01 8.882919002219934468e-01 4.744947591217838490e-01 4.684605462947642351e+00
7.139174456498971200e-01 8.926785535678563033e-01 4.623981105073364239e-01 4.650860116621710283e+00
7.219997281798715694e-01 8.970437559004577066e-01 4.502171810019220954e-01 4.610682851425254469e+00
7.302239957491214462e-01 9.013878188659972812e-01 4.379529087613047156e-01 4.563332660455598599e+00
7.385932442204938830e-01 9.057110466368398782e-01 4.256058881328141918e-01 4.508022625140241324e+00
7.471104694568366789e-01 9.100137361600647568e-01 4.131765165637800719e-01 4.443937432020316436e+00
7.557786673209964112e-01 9.142961773954870752e-01 4.006651802427771414e-01 4.370258390893368983e+00
7.646008336758201018e-01 9.185586535436918165e-01 3.880716777052871103e-01 4.286197160964069219e+00
7.735799643841551054e-01 9.228014412645875186e-01 3.753937952484802110e-01 4.191039026424840053e+00
7.827190553088479996e-01 9.270248108869578729e-01 3.626305028093545491e-01 4.084195823091849142e+00
7.920211023127468053e-01 9.312290266094587210e-01 3.497742577991604929e-01 3.965267415049232191e+00
8.014891012586975449e-01 9.354143466934853324e-01 3.368143739408963055e-01 3.834108931057068403e+00
8.111295090685418652e-01 9.395810236483067568e-01 3.237317767560610737e-01 3.690845820319282655e+00
8.209631522011034965e-01 9.437293044088437277e-01 3.104907230822658848e-01 3.535744549617175103e+00
8.310145857695451221e-01 9.478594305064438341e-01 2.970296028147396128e-01 3.369394508996743198e+00
8.413083648939001513e-01 9.519716382329885818e-01 2.832400835956946916e-01 3.192821269053285338e+00
8.518690446942042138e-01 9.560661587986472032e-01 2.689418039523953086e-01 3.007530837678320967e+00
8.627211802904906079e-01 9.601432184835759776e-01 2.538360839010497805e-01 2.815522446910343479e+00
8.738893268027942973e-01 9.642030387838445016e-01 2.374528063130207090e-01 2.619258646764915266e+00
8.853980393511492464e-01 9.682458365518542553e-01 2.191172287773917038e-01 2.421585330395580105e+00
8.972779671284761838e-01 9.722718241315028154e-01 1.980129076037117908e-01 2.225503165204333555e+00
9.095885913025784086e-01 9.762812094883317471e-01 1.735234095976218860e-01 2.033684416346842827e+00
9.223979113428256715e-01 9.802741963348826637e-01 1.459733967709548885e-01 1.848746073008001867e+00
9.357739279805122878e-01 9.842509842514762797e-01 1.173925871389503578e-01 1.673263574203887716e+00
9.498387997072275102e-01 9.882117688026185176e-01 9.116760560530043356e-02 1.509018743954548603e+00
9.649502576836818113e-01 9.921567416492215186e-01 7.015432544141446403e-02 1.355541573084671381e+00
9.815300684923123908e-01 9.960860906568266282e-01 5.510978786577412636e-02 1.213114122869214606e+00
1.000000000000000000e+00 1.000000000000000000e+00 4.514900000000000163e-02 1.083368121971669540e+00
