# 1.rho_tor 2.rho_pol 3.Te(keV) 4.ne(10^19m^-3)
#
0.000000000000000000e+00 0.000000000000000000e+00 9.930431411105823392e-01 1.038068000000000168e+01
5.320527902240441975e-02 8.838834764831821067e-02 9.882905001332580319e-01 1.016031507564479597e+01
7.557542376373038717e-02 1.250000000000000000e-01 9.845311457538890032e-01 1.002834887377763096e+01
9.264725649654931283e-02 1.530931089239485066e-01 9.814559068693456956e-01 9.913189984584859005e+00
1.071389049935659171e-01 1.767766952966368932e-01 9.787295747708111282e-01 9.807578595842178615e+00
1.200633440837331062e-01 1.976423537605236092e-01 9.760324357639499349e-01 9.708592018743729568e+00
1.318336346140430160e-01 2.165063509461096769e-01 9.732664256127110392e-01 9.614699977438569078e+00
1.426774885086583566e-01 2.338535866733712498e-01 9.704805678033319172e-01 9.524990294747347264e+00
1.528225628278748194e-01 2.500000000000000000e-01 9.676882988040607092e-01 9.438824730507894500e+00
1.624689763563940681e-01 2.651650429449552426e-01 9.648622821004579908e-01 9.355771299942283292e+00
1.716913426713168322e-01 2.795084971874737256e-01 9.619854693989421390e-01 9.275481637483366626e+00
1.805285407466126479e-01 2.931509849889643027e-01 9.590565053079272984e-01 9.197695724238942105e+00
1.890194469762994933e-01 3.061862178478972907e-01 9.560727456960284032e-01 9.122205647794924488e+00
1.972029377543950412e-01 3.186887195995490307e-01 9.530285453514212302e-01 9.048835402742458456e+00
2.051178894749172699e-01 3.307189138830738395e-01 9.499188509985488915e-01 8.977467472086075873e+00
2.128031785318839075e-01 3.423265984407287688e-01 9.467394976378951110e-01 8.907959724769151322e+00
2.202976813193128491e-01 3.535533905932737864e-01 9.434870398734390706e-01 8.840223483437510410e+00
2.276362192528090245e-01 3.644344934278312409e-01 9.401581179179067105e-01 8.774156283100481346e+00
2.348325397124393921e-01 3.750000000000000555e-01 9.367485728501377951e-01 8.709669044838713958e+00
2.418935653537809816e-01 3.852758751855610009e-01 9.332546186604427918e-01 8.646711820970255147e+00
2.488262153384888375e-01 3.952847075210474403e-01 9.296735741082406967e-01 8.585205588535961496e+00
2.556374088282176715e-01 4.050462936504912181e-01 9.260016442605377707e-01 8.525105078865788499e+00
2.623340649846224171e-01 4.145780987944250318e-01 9.222347676550527451e-01 8.466339324241392461e+00
2.689231029693580077e-01 4.238956239453292585e-01 9.183699498372341896e-01 8.408878897235364747e+00
2.754114419440792383e-01 4.330127018922192428e-01 9.144036942044748706e-01 8.352670261657657136e+00
2.818060010704411811e-01 4.419417382415922191e-01 9.103325267475430582e-01 8.297677158961528576e+00
2.881136995100986309e-01 4.506939094329986961e-01 9.061532682187501964e-01 8.243850347816813695e+00
2.943414564247062715e-01 4.592793267718459083e-01 9.018615992090546207e-01 8.191175936366661858e+00
3.004961909759192862e-01 4.677071733467426107e-01 8.974541626907501790e-01 8.139611356641916373e+00
3.065848223253925808e-01 4.759858191164942909e-01 8.929276327169931582e-01 8.089127099613456551e+00
3.126142696347808392e-01 4.841229182759271277e-01 8.882778076702990688e-01 8.039682811764912174e+00
3.185914520657388560e-01 4.921254921257381953e-01 8.835011859623113084e-01 7.991269813057912508e+00
3.245232887799218702e-01 4.999999999999999445e-01 8.785942025135218270e-01 7.943849056912885231e+00
3.304159666647791815e-01 5.077524002897475519e-01 8.735523798760804759e-01 7.897393931016303270e+00
3.362720075710612377e-01 5.153882032022075732e-01 8.683733377709542678e-01 7.851889609960382543e+00
3.420927890944817085e-01 5.229125165837972267e-01 8.630598246803375950e-01 7.807306163506498642e+00
3.478796884491914265e-01 5.303300858899105963e-01 8.576153367465961797e-01 7.763620353878448732e+00
3.536340828493415578e-01 5.376453291901641673e-01 8.520425915183790222e-01 7.720817999667776377e+00
3.593573495090828795e-01 5.448623679425842470e-01 8.463459675093633061e-01 7.678878660678640777e+00
3.650508656425665577e-01 5.519850541454904835e-01 8.405290960557321167e-01 7.637777416497643301e+00
3.707160084639431474e-01 5.590169943749474513e-01 8.345947702284626235e-01 7.597496842858276089e+00
3.763541551873639257e-01 5.659615711335885813e-01 8.285447713802804870e-01 7.558025284300809332e+00
3.819666830269795588e-01 5.728219618694799786e-01 8.223831981376203970e-01 7.519340874290940668e+00
3.875549691969413235e-01 5.796011559684814962e-01 8.161120278236047021e-01 7.481426901273578345e+00
3.931203909113998862e-01 5.863019699779287164e-01 8.097338368878789217e-01 7.444271527033381908e+00
3.986643253845061907e-01 5.929270612815711328e-01 8.032507225150136154e-01 7.407846445536091728e+00
4.041881498304112919e-01 5.994789404140898892e-01 7.966656128723517138e-01 7.372152775485518283e+00
4.096932414632661335e-01 6.059599821770411676e-01 7.899797966072924504e-01 7.337161155622112574e+00
4.151809774972217149e-01 6.123724356957944703e-01 7.831957857637793508e-01 7.302879170727540448e+00
4.206527351464287579e-01 6.187184335382290845e-01 7.763144081104712546e-01 7.269260518332915311e+00
4.261098916250383173e-01 6.250000000000000000e-01 7.693389098627178013e-01 7.236316898011121879e+00
4.315538241472012815e-01 6.312190586476298382e-01 7.622696218688007619e-01 7.204021068382441051e+00
4.369859099270687053e-01 6.373774391990980615e-01 7.551088773041413349e-01 7.172372977725006038e+00
4.424075261787914770e-01 6.434768838116875500e-01 7.478578982846196821e-01 7.141343013043609744e+00
4.478200501165204850e-01 6.495190528383290030e-01 7.405173915182245992e-01 7.110924753869272585e+00
4.532248589544067285e-01 6.555055301063447137e-01 7.330893173659515094e-01 7.081113135111484880e+00
4.586233299066010405e-01 6.614378277661476790e-01 7.255740520693880757e-01 7.051896492740187483e+00
4.640168401872545312e-01 6.673173907519569514e-01 7.179732182830648179e-01 7.023248920954912045e+00
4.694067670105179779e-01 6.731456008918129674e-01 7.102878775629509756e-01 6.995160466421324941e+00
4.747944875905426021e-01 6.789237807000134683e-01 7.025176274463523773e-01 6.967634485276926526e+00
4.801813791414787924e-01 6.846531968814576485e-01 6.946644978212888066e-01 6.940645208583029024e+00
4.855688188774780478e-01 6.903350635742038222e-01 6.867282457710683907e-01 6.914192354364104176e+00
4.909581840126909791e-01 6.959705453537526898e-01 6.787098807279454693e-01 6.888255089514521146e+00
4.963508517612687521e-01 7.015607600201140270e-01 6.706095402401284211e-01 6.862825485867155351e+00
5.017481993373619220e-01 7.071067811865475727e-01 6.624273789342576269e-01 6.837887432602979487e+00
5.071515410358218290e-01 7.126096406869611988e-01 6.541644692615062873e-01 6.813440834796733014e+00
5.125618989883370391e-01 7.180703308172535770e-01 6.458188632286697706e-01 6.789467032285607218e+00
5.179802105872500784e-01 7.234898064243890925e-01 6.373915414729727225e-01 6.765961859830784242e+00
5.234074132159322046e-01 7.288689868556625928e-01 6.288827445360350987e-01 6.742907902970318723e+00
5.288444442577528992e-01 7.342087577794206288e-01 6.202916704925987013e-01 6.720303446999545294e+00
5.342922410960833091e-01 7.395099728874520162e-01 6.116181611594413425e-01 6.698125707316483712e+00
5.397517411142938037e-01 7.447734554883115310e-01 6.028606457408477448e-01 6.676371772567864404e+00
5.452238816957547529e-01 7.500000000000000000e-01 5.940185893818682450e-01 6.655038667132295416e+00
5.507096002238365262e-01 7.551903733496607707e-01 5.850925674087605888e-01 6.634099169230765369e+00
5.562098340819098263e-01 7.603453162872774174e-01 5.760804555169626306e-01 6.613549930663678467e+00
5.617255206533448009e-01 7.654655446197431434e-01 5.669884386250179098e-01 6.593394496820597084e+00
5.672575973215122636e-01 7.705517503711220018e-01 5.578351454073180449e-01 6.573611225806078373e+00
5.728070014697824730e-01 7.756046028744285614e-01 5.486348409113578350e-01 6.554190197226533066e+00
5.783746704815256878e-01 7.806247497997997886e-01 5.394075246282060698e-01 6.535126782023692016e+00
5.839615417401126107e-01 7.856128181235334518e-01 5.301668497424061322e-01 6.516401652954400880e+00
5.895685526289138334e-01 7.905694150420948807e-01 5.209331717677524454e-01 6.498010376831051538e+00
5.951970991273513034e-01 7.954951288348659499e-01 5.117214653565924642e-01 6.479952241659384882e+00
6.008506285956253246e-01 8.003905296791060664e-01 5.025503409028527768e-01 6.462214829788540449e+00
6.065331617557909727e-01 8.052561704203203830e-01 4.934379082050839305e-01 6.444779733355735729e+00
6.122487193564394303e-01 8.100925873009825473e-01 4.843997907279680160e-01 6.427638858000353395e+00
6.180013221461616579e-01 8.149003006503311441e-01 4.754562942833799322e-01 6.410785717942143691e+00
6.237949908735495042e-01 8.196798155377500450e-01 4.666242610836165428e-01 6.394213095291403803e+00
6.296337462871937074e-01 8.244316223920574727e-01 4.579213759540615158e-01 6.377916846965652198e+00
6.355216091356856722e-01 8.291561975888499525e-01 4.493672458277969128e-01 6.361880489399233340e+00
6.414626001676168032e-01 8.338540040078958882e-01 4.409796948096375013e-01 6.346087582291916718e+00
6.474607401315782829e-01 8.385254915624211769e-01 4.327782585481455002e-01 6.330536210027113420e+00
6.535200497761611826e-01 8.431710977020026032e-01 4.247817942910319111e-01 6.315222411210760001e+00
6.596445498499569071e-01 8.477912478906585170e-01 4.170094704106253602e-01 6.300129641733607677e+00
6.658382611015566388e-01 8.523863560616159463e-01 4.094832336713124521e-01 6.285248753960419599e+00
6.721052042795518933e-01 8.569568250501304885e-01 4.022238499200943562e-01 6.270568210575760304e+00
6.784494001325335200e-01 8.615030470056388445e-01 3.952513242825698714e-01 6.256082836349952103e+00
6.848748694090931455e-01 8.660254037844385966e-01 3.885882788136345578e-01 6.241795077283796900e+00
6.913862904239744811e-01 8.705242673240074502e-01 3.822560214293000413e-01 6.227674884564297741e+00
6.979911752037160078e-01 8.750000000000000000e-01 3.762792636338983532e-01 6.213719815645828426e+00
7.046977989379774598e-01 8.794529549668930191e-01 3.706824755504170565e-01 6.199926437032442728e+00
7.115144368272682263e-01 8.838834764831844382e-01 3.654895467586453672e-01 6.186275996542964783e+00
7.184493640720970298e-01 8.882919002219934468e-01 3.607276634842709329e-01 6.172763266280238525e+00
7.255108558729728152e-01 8.926785535678563033e-01 3.564249097920230702e-01 6.159383871119382903e+00
7.327071874304041943e-01 8.970437559004577066e-01 3.526101947186556229e-01 6.146126270990825979e+00
7.400466339449004449e-01 9.013878188659972812e-01 3.493124840287942789e-01 6.132973583205614254e+00
7.475379413739655643e-01 9.057110466368398782e-01 3.465636617170776979e-01 6.119925056928344986e+00
7.551921679739674875e-01 9.100137361600648678e-01 3.444090687855217436e-01 6.106972793598655969e+00
7.630210807885859925e-01 9.142961773954870752e-01 3.428251646945435493e-01 6.094099304526629624e+00
7.710364470466901654e-01 9.185586535436918165e-01 3.419619565741910394e-01 6.081289143301771283e+00
7.792500339771489815e-01 9.228014412645875186e-01 3.421372646709923138e-01 6.068514416015528212e+00
7.876736088088309717e-01 9.270248108869579839e-01 3.430793762270774039e-01 6.055723070308851597e+00
7.963189387706052225e-01 9.312290266094587210e-01 3.443336489491726216e-01 6.042821954544571383e+00
8.051977910913407088e-01 9.354143466934853324e-01 3.454332406062328165e-01 6.029639282414791523e+00
8.143226366914210201e-01 9.395810236483067568e-01 3.458309027306489258e-01 6.015855165980491748e+00
8.237088680598193546e-01 9.437293044088437277e-01 3.439426377736439222e-01 6.000876619774523135e+00
8.333726357836590548e-01 9.478594305064437231e-01 3.380028888742236393e-01 5.983620972624851930e+00
8.433300904514603458e-01 9.519716382329885818e-01 3.266374042282168544e-01 5.962168487944009776e+00
8.535973826517434526e-01 9.560661587986472032e-01 3.099439051379148102e-01 5.933149365907435246e+00
8.641906629730286005e-01 9.601432184835760886e-01 2.888728651286823212e-01 5.890862088227253324e+00
8.751260820038359034e-01 9.642030387838445016e-01 2.644344954057806785e-01 5.826099733105756684e+00
8.864197903326859196e-01 9.682458365518542553e-01 2.376764164875515561e-01 5.724913349253059280e+00
8.980938647820777554e-01 9.722718241315028154e-01 2.095993276124369642e-01 5.568330360171881210e+00
9.101984200782946566e-01 9.762812094883318581e-01 1.810344455825608212e-01 5.335030505597460504e+00
9.227918546437816616e-01 9.802741963348826637e-01 1.527761683191942721e-01 5.008886986853476664e+00
9.359325681281557285e-01 9.842509842514763907e-01 1.256038980067904487e-01 4.590867156748662303e+00
9.497502485468483080e-01 9.882117688026185176e-01 1.002725649475811193e-01 4.107585629141037309e+00
9.646846704203684286e-01 9.921567416492215186e-01 7.744551249037166796e-02 3.604501599414456248e+00
9.812598986930620715e-01 9.960860906568267392e-01 5.768864048817108625e-02 3.127081422608746220e+00
1.000000000000000000e+00 1.000000000000000000e+00 4.223600000000000271e-02 2.724739999999999718e+00
