# 1.rho_tor 2.rho_pol 3.Ti(keV) 4.ni(10^19m^-3)
#
0.000000000000000000e+00 0.000000000000000000e+00 1.302672999999999970e+00 2.921695927281530381e+00
5.743850543354890592e-02 8.838834764831882129e-02 1.296486762981762908e+00 2.905325066550210167e+00
8.173464529773108445e-02 1.249999999999997363e-01 1.290144854696854360e+00 2.890245263479390037e+00
1.001117722570662172e-01 1.530931089239486176e-01 1.283645283300317574e+00 2.876430946976773484e+00
1.155557900880957445e-01 1.767766952966370875e-01 1.276999579463606427e+00 2.863874191707561856e+00
1.292178929487707573e-01 1.976423537605235536e-01 1.270206368560153676e+00 2.852559592888309847e+00
1.415593010732134061e-01 2.165063509461096491e-01 1.263270526498860402e+00 2.842440739528776739e+00
1.528280418858896927e-01 2.338535866733714719e-01 1.256195393697514540e+00 2.833506536235256945e+00
1.632720797055191297e-01 2.499999999999998612e-01 1.248984523535940028e+00 2.825712489285813422e+00
1.731101217092323730e-01 2.651650429449552981e-01 1.241641463064006468e+00 2.819019676560802434e+00
1.824275361649524696e-01 2.795084971874738367e-01 1.234168772849032703e+00 2.813385102948557925e+00
1.912717262784867089e-01 2.931509849889642472e-01 1.226571165385633932e+00 2.808785303950970924e+00
1.996900925146574968e-01 3.061862178478972352e-01 1.218851370723766481e+00 2.805137184115823690e+00
2.077300353382865450e-01 3.186887195995491417e-01 1.211013355338461217e+00 2.802420786179812939e+00
2.154389552141958708e-01 3.307189138830737285e-01 1.203060033323212208e+00 2.800559575642519672e+00
2.228642526072077135e-01 3.423265984407288243e-01 1.194996403898321402e+00 2.799516053318513720e+00
2.300533279821438404e-01 3.535533905932738974e-01 1.186824471050744734e+00 2.799239055404551202e+00
2.370486791108928903e-01 3.644344934278311854e-01 1.178548641635701166e+00 2.799672536133404943e+00
2.438673240920662122e-01 3.750000000000000000e-01 1.170171983517473535e+00 2.800758557819951200e+00
2.505180295553092740e-01 3.852758751855611119e-01 1.161698103008208305e+00 2.802439496130810781e+00
2.570095579059227253e-01 3.952847075210473293e-01 1.153130312954344650e+00 2.804656567861358862e+00
2.633506715492079375e-01 4.050462936504912737e-01 1.144471850606699315e+00 2.807349961476950373e+00
2.695501328904652549e-01 4.145780987944250873e-01 1.135726705334132891e+00 2.810459119532549011e+00
2.756167043349959656e-01 4.238956239453292030e-01 1.126897338801567727e+00 2.813924642016059519e+00
2.815591482881004137e-01 4.330127018922192983e-01 1.117989369214934081e+00 2.817696786864927194e+00
2.873862271550797765e-01 4.419417382415922746e-01 1.109004430424833432e+00 2.821729880051357942e+00
2.931067033412346201e-01 4.506939094329985851e-01 1.099946431760926435e+00 2.825979648960690760e+00
2.987293392518660662e-01 4.592793267718459083e-01 1.090820122011130877e+00 2.830403700535222722e+00
3.042628972922747921e-01 4.677071733467426662e-01 1.081626969921713144e+00 2.834958177282932201e+00
3.097161398677615862e-01 4.759858191164942354e-01 1.072372510001819323e+00 2.839596162381414324e+00
3.150978293836274591e-01 4.841229182759271277e-01 1.063058854662993102e+00 2.844275118518597267e+00
3.204167282451729215e-01 4.921254921257381398e-01 1.053690275662405140e+00 2.848957535380635342e+00
3.256815988576990950e-01 4.999999999999999445e-01 1.044270197068298378e+00 2.853597595080494376e+00
3.309003303660053574e-01 5.077524002897475519e-01 1.034801995987122636e+00 2.858120831926453498e+00
3.360764412409512625e-01 5.153882032022075732e-01 1.025288431846701265e+00 2.862456104287558922e+00
3.412120853925261210e-01 5.229125165837971156e-01 1.015733683191368142e+00 2.866548908905864668e+00
3.463094162756936156e-01 5.303300858899105963e-01 1.006141009294082789e+00 2.870316123971522693e+00
3.513705873454167627e-01 5.376453291901641673e-01 9.965138872863529285e-01 2.873662501220573873e+00
3.563977520566591894e-01 5.448623679425841360e-01 9.868566078136722375e-01 2.876525575277755653e+00
3.613930638643841897e-01 5.519850541454904835e-01 9.771716042717741857e-01 2.878917946038290765e+00
3.663586762235551686e-01 5.590169943749474513e-01 9.674629943194532622e-01 2.880858915906895135e+00
3.712967425891355311e-01 5.659615711335884702e-01 9.577342149689469508e-01 2.882358426088214465e+00
3.762094164160887932e-01 5.728219618694799786e-01 9.479881638849856351e-01 2.883434511303627712e+00
3.810988511593781936e-01 5.796011559684814962e-01 9.382288175252276874e-01 2.884109827377913327e+00
3.859672002739672481e-01 5.863019699779286054e-01 9.284596591962932521e-01 2.884379684828496160e+00
3.908166172148192508e-01 5.929270612815711328e-01 9.186845284520174237e-01 2.884262117617022891e+00
3.956492554368976067e-01 5.994789404140898892e-01 9.089070173270137332e-01 2.883757896436189849e+00
4.004672683951657763e-01 6.059599821770410566e-01 8.991291298634737084e-01 2.882876382876174315e+00
4.052728095445871648e-01 6.123724356957944703e-01 8.893563307213414593e-01 2.881635218258249864e+00
4.100680323401251770e-01 6.187184335382290845e-01 8.795905881260658310e-01 2.880055856521418267e+00
4.148550902367428295e-01 6.250000000000000000e-01 8.698359779801047020e-01 2.878164705065296314e+00
4.196361366894043043e-01 6.312190586476298382e-01 8.600967416116838127e-01 2.875979514323674380e+00
4.244133251530722295e-01 6.373774391990980615e-01 8.503752410305140952e-01 2.873507788743896008e+00
4.291888090827103430e-01 6.434768838116874390e-01 8.406757310082748624e-01 2.870737908549593875e+00
4.339647419332820499e-01 6.495190528383290030e-01 8.310011577827693952e-01 2.867686953300303987e+00
4.387432771597507553e-01 6.555055301063447137e-01 8.213547666897770272e-01 2.864345623331252089e+00
4.435265682170796420e-01 6.614378277661475680e-01 8.117417494356653496e-01 2.860718498611589666e+00
4.483167685602324481e-01 6.673173907519569514e-01 8.021632515827834542e-01 2.856807605153954821e+00
4.531160316441723013e-01 6.731456008918129674e-01 7.926249140922917436e-01 2.852623776185182258e+00
4.579265109238626619e-01 6.789237807000134683e-01 7.831289283281241964e-01 2.848140210160601704e+00
4.627503598542669905e-01 6.846531968814576485e-01 7.736789343769407967e-01 2.843348928430545097e+00
4.675897318903486366e-01 6.903350635742038222e-01 7.642782251760986689e-01 2.838262513725812397e+00
4.724467804870709498e-01 6.959705453537526898e-01 7.549311208938271900e-01 2.832866985781831826e+00
4.773236590993974460e-01 7.015607600201140270e-01 7.456401351050335746e-01 2.827143044340363343e+00
4.822225211822913638e-01 7.071067811865475727e-01 7.364112976451636650e-01 2.821089138223054960e+00
4.871456454034019390e-01 7.126096406869611988e-01 7.272443628427572859e-01 2.814707630433614938e+00
4.920958918502955637e-01 7.180703308172535770e-01 7.181450102343241992e-01 2.807967577652215940e+00
4.970762892462516902e-01 7.234898064243890925e-01 7.091158261667197538e-01 2.800888309745706461e+00
5.020898663324058209e-01 7.288689868556625928e-01 7.001610068004964216e-01 2.793463745427874567e+00
5.071396518498937356e-01 7.342087577794206288e-01 6.912836700773745680e-01 2.785688208105823627e+00
5.122286745398505481e-01 7.395099728874520162e-01 6.824877249057491602e-01 2.777544057820299006e+00
5.173599631434120383e-01 7.447734554883115310e-01 6.737762073142409269e-01 2.769066390719394199e+00
5.225365464017137640e-01 7.500000000000000000e-01 6.651520250449260985e-01 2.760229750499007650e+00
5.277614530558909500e-01 7.551903733496607707e-01 6.566203118892139923e-01 2.751045022456737765e+00
5.330377118470795983e-01 7.603453162872774174e-01 6.481838800707824255e-01 2.741536021606525875e+00
5.383683515164146005e-01 7.654655446197431434e-01 6.398448687739941576e-01 2.731679451919520218e+00
5.437564008050317366e-01 7.705517503711220018e-01 6.316083135621461953e-01 2.721500739500363419e+00
5.492048884540667864e-01 7.756046028744285614e-01 6.234769324506739263e-01 2.710984522296490784e+00
5.547168432046549746e-01 7.806247497997997886e-01 6.154553326936610391e-01 2.700150892256518276e+00
5.602952937979318593e-01 7.856128181235334518e-01 6.075453440374463110e-01 2.688998894672014028e+00
5.659432689750328871e-01 7.905694150420948807e-01 5.997507977672638102e-01 2.677557792553038940e+00
5.716637974770939490e-01 7.954951288348659499e-01 5.920767150705106285e-01 2.665893978736799674e+00
5.774599080452498256e-01 8.003905296791060664e-01 5.845244924055860158e-01 2.654025492077552340e+00
5.833346294206367411e-01 8.052561704203203830e-01 5.770986291936985868e-01 2.642043854694791083e+00
5.892909903443899200e-01 8.100925873009825473e-01 5.698024737838468523e-01 2.629982576749616552e+00
5.953320195576445872e-01 8.149003006503311441e-01 5.626392848946658587e-01 2.617909559782320539e+00
6.014607458015367447e-01 8.196798155377500450e-01 5.556125058492393798e-01 2.605893553241272365e+00
6.076801978172016172e-01 8.244316223920574727e-01 5.487254770554647054e-01 2.593952916889867399e+00
6.139934043457748736e-01 8.291561975888499525e-01 5.419819385780404453e-01 2.582059558645499742e+00
6.204033941283919606e-01 8.338540040078958882e-01 5.353844911841123544e-01 2.570190814146346092e+00
6.269131959061884363e-01 8.385254915624211769e-01 5.289365731488078204e-01 2.558303106512138214e+00
6.335258384202996362e-01 8.431710977020026032e-01 5.226410407451073104e-01 2.546345265019522408e+00
6.402443504118610074e-01 8.477912478906585170e-01 5.165016041339147712e-01 2.534245774420638142e+00
6.470717606220086626e-01 8.523863560616159463e-01 5.105196512456406932e-01 2.521933514344516958e+00
6.540110977918773827e-01 8.569568250501304885e-01 5.046982426909026875e-01 2.509314289031358225e+00
6.610653906626030585e-01 8.615030470056388445e-01 4.990395594264488421e-01 2.496282641650809708e+00
6.682376679753211368e-01 8.660254037844385966e-01 4.935452885523119448e-01 2.482698721057627456e+00
6.755309533895138552e-01 8.705242673240074502e-01 4.882159624541823617e-01 2.468398652641782931e+00
6.829482486658157159e-01 8.750000000000000000e-01 4.830512874706171522e-01 2.453197759092929253e+00
6.904925496671580065e-01 8.794529549668930191e-01 4.780503464192376595e-01 2.436847990532161390e+00
6.981668522563876378e-01 8.838834764831844382e-01 4.732111890409468336e-01 2.419024569609868003e+00
7.059741522963517424e-01 8.882919002219934468e-01 4.685254792254975875e-01 2.399348123679986955e+00
7.139174456498971200e-01 8.926785535678563033e-01 4.639871784868047633e-01 2.377445165567621199e+00
7.219997281798715694e-01 8.970437559004577066e-01 4.595838521871075666e-01 2.352905893857422548e+00
7.302239957491214462e-01 9.013878188659972812e-01 4.552941152312072748e-01 2.325329604671410255e+00
7.385932442204938830e-01 9.057110466368398782e-01 4.510948577046977603e-01 2.294270603153659494e+00
7.471104694568366789e-01 9.100137361600647568e-01 4.469490377092013023e-01 2.259242650769290428e+00
7.557786673209964112e-01 9.142961773954870752e-01 4.428006918600531083e-01 2.219790008022270111e+00
7.646008336758201018e-01 9.185586535436918165e-01 4.385873060365658160e-01 2.175453245136085290e+00
7.735799643841551054e-01 9.228014412645875186e-01 4.342112495390921811e-01 2.125805214661354192e+00
7.827190553088479996e-01 9.270248108869578729e-01 4.295438979355455933e-01 2.070487239945045577e+00
7.920211023127468053e-01 9.312290266094587210e-01 4.244232404796558500e-01 2.009241302296640885e+00
8.014891012586975449e-01 9.354143466934853324e-01 4.186239283563543134e-01 1.941947252130603374e+00
8.111295090685418652e-01 9.395810236483067568e-01 4.118666987216554887e-01 1.868608498476347357e+00
8.209631522011034965e-01 9.437293044088437277e-01 4.037992424273816328e-01 1.789310495449685900e+00
8.310145857695451221e-01 9.478594305064438341e-01 3.939920099442524859e-01 1.704305749587226693e+00
8.413083648939001513e-01 9.519716382329885818e-01 3.819549508045292918e-01 1.614093003822974826e+00
8.518690446942042138e-01 9.560661587986472032e-01 3.671658655053012255e-01 1.519423001946996976e+00
8.627211802904906079e-01 9.601432184835759776e-01 3.491349991805745567e-01 1.421332542237285557e+00
8.738893268027942973e-01 9.642030387838445016e-01 3.275117055987539216e-01 1.321053241637168751e+00
8.853980393511492464e-01 9.682458365518542553e-01 3.022109155547367809e-01 1.220059843483895401e+00
8.972779671284761838e-01 9.722718241315028154e-01 2.735514724377269835e-01 1.119878720023143703e+00
9.095885913025784086e-01 9.762812094883317471e-01 2.423263423258128768e-01 1.021878834462390140e+00
9.223979113428256715e-01 9.802741963348826637e-01 2.097582240713906088e-01 9.273950079627075738e-01
9.357739279805122878e-01 9.842509842514762797e-01 1.773287673437307921e-01 8.377339081929530140e-01
9.498387997072275102e-01 9.882117688026185176e-01 1.465175733684880022e-01 7.538215125782385950e-01
9.649502576836818113e-01 9.921567416492215186e-01 1.185218097152671568e-01 6.754117361740495928e-01
9.815300684923123908e-01 9.960860906568266282e-01 9.409198683152956988e-02 6.026438415924458836e-01
1.000000000000000000e+00 1.000000000000000000e+00 7.384499999999999398e-02 5.363562715347602872e-01
