# 1.rho_tor 2.rho_pol 3.Te(keV) 4.ne(10^19m^-3)
#
0.000000000000000000e+00 0.000000000000000000e+00 1.097059309825253237e+00 3.750469999999999082e+00
5.743850543354890592e-02 8.838834764831882129e-02 1.098248212593423423e+00 3.725778772025436503e+00
8.173464529773108445e-02 1.249999999999997363e-01 1.099274787917532636e+00 3.702589229924324155e+00
1.001117722570662172e-01 1.530931089239486176e-01 1.100125582565645521e+00 3.680869617340611466e+00
1.155557900880957445e-01 1.767766952966370875e-01 1.100798777988942101e+00 3.660619977011313253e+00
1.292178929487707573e-01 1.976423537605235536e-01 1.101295234946907842e+00 3.641794913309371662e+00
1.415593010732134061e-01 2.165063509461096491e-01 1.101615589189527400e+00 3.624386372097172515e+00
1.528280418858896927e-01 2.338535866733714719e-01 1.101760829685372256e+00 3.608361395545529593e+00
1.632720797055191297e-01 2.499999999999998612e-01 1.101731752357344662e+00 3.593691911808809092e+00
1.731101217092323730e-01 2.651650429449552981e-01 1.101528999616562920e+00 3.580372904659301803e+00
1.824275361649524696e-01 2.795084971874738367e-01 1.101153518264464504e+00 3.568362729930620425e+00
1.912717262784867089e-01 2.931509849889642472e-01 1.100606304986584183e+00 3.557643937626924657e+00
1.996900925146574968e-01 3.061862178478972352e-01 1.099888312953732905e+00 3.548200816940195956e+00
2.077300353382865450e-01 3.186887195995491417e-01 1.099000535616864616e+00 3.540005995646856363e+00
2.154389552141958708e-01 3.307189138830737285e-01 1.097943849053123921e+00 3.533033948421036019e+00
2.228642526072077135e-01 3.423265984407288243e-01 1.096719169059459986e+00 3.527261460643791313e+00
2.300533279821438404e-01 3.535533905932738974e-01 1.095327367892708237e+00 3.522665426636126362e+00
2.370486791108928903e-01 3.644344934278311854e-01 1.093769173969006081e+00 3.519222733343358112e+00
2.438673240920662122e-01 3.750000000000000000e-01 1.092045365622247743e+00 3.516910240389972131e+00
2.505180295553092740e-01 3.852758751855611119e-01 1.090156779968679102e+00 3.515705019750158034e+00
2.570095579059227253e-01 3.952847075210473293e-01 1.088104321669762342e+00 3.515584060403947664e+00
2.633506715492079375e-01 4.050462936504912737e-01 1.085889051610119393e+00 3.516524376212994074e+00
2.695501328904652549e-01 4.145780987944250873e-01 1.083512050206094424e+00 3.518503020670784132e+00
2.756167043349959656e-01 4.238956239453292030e-01 1.080974335515018758e+00 3.521496696159498896e+00
2.815591482881004137e-01 4.330127018922192983e-01 1.078276667560492674e+00 3.525482546220925162e+00
2.873862271550797765e-01 4.419417382415922746e-01 1.075419971808259323e+00 3.530436863942376657e+00
2.931067033412346201e-01 4.506939094329985851e-01 1.072405066565188081e+00 3.536335687250559356e+00
2.987293392518660662e-01 4.592793267718459083e-01 1.069232924303918919e+00 3.543153256275999752e+00
3.042628972922747921e-01 4.677071733467426662e-01 1.065904458843073943e+00 3.550866858628263678e+00
3.097161398677615862e-01 4.759858191164942354e-01 1.062420583732686996e+00 3.559458007266441459e+00
3.150978293836274591e-01 4.841229182759271277e-01 1.058782420714982742e+00 3.568904290620757536e+00
3.204167282451729215e-01 4.921254921257381398e-01 1.054990649358920951e+00 3.579180517514167104e+00
3.256815988576990950e-01 4.999999999999999445e-01 1.051045563486831425e+00 3.590260902829602419e+00
3.309003303660053574e-01 5.077524002897475519e-01 1.046948532901169404e+00 3.602121754880067694e+00
3.360764412409512625e-01 5.153882032022075732e-01 1.042701177698148740e+00 3.614739354205670274e+00
3.412120853925261210e-01 5.229125165837971156e-01 1.038303238887667623e+00 3.628089759312467688e+00
3.463094162756936156e-01 5.303300858899105963e-01 1.033755283703652994e+00 3.642160199350887861e+00
3.513705873454167627e-01 5.376453291901641673e-01 1.029058735077091669e+00 3.656920349501189271e+00
3.563977520566591894e-01 5.448623679425841360e-01 1.024215449086882224e+00 3.672345434444851620e+00
3.613930638643841897e-01 5.519850541454904835e-01 1.019225153498320102e+00 3.688410870537590203e+00
3.663586762235551686e-01 5.590169943749474513e-01 1.014088464550013891e+00 3.705092485362058596e+00
3.712967425891355311e-01 5.659615711335884702e-01 1.008807469405792689e+00 3.722375940232236058e+00
3.762094164160887932e-01 5.728219618694799786e-01 1.003383061277497657e+00 3.740233812012405679e+00
3.810988511593781936e-01 5.796011559684814962e-01 9.978145455176106182e-01 3.758630812551908562e+00
3.859672002739672481e-01 5.863019699779286054e-01 9.921041538184044439e-01 3.777563459533173518e+00
3.908166172148192508e-01 5.929270612815711328e-01 9.862519373090504748e-01 3.796996468346526932e+00
3.956492554368976067e-01 5.994789404140898892e-01 9.802595496232145988e-01 3.816913165175664702e+00
4.004672683951657763e-01 6.059599821770410566e-01 9.741281242760247983e-01 3.837284180312170445e+00
4.052728095445871648e-01 6.123724356957944703e-01 9.678574536372039905e-01 3.858084051724174124e+00
4.100680323401251770e-01 6.187184335382290845e-01 9.614491314777523501e-01 3.879296586540672553e+00
4.148550902367428295e-01 6.250000000000000000e-01 9.549034276341412664e-01 3.900897035947565872e+00
4.196361366894043043e-01 6.312190586476298382e-01 9.482215785675447428e-01 3.922861312411275225e+00
4.244133251530722295e-01 6.373774391990980615e-01 9.414045323319095715e-01 3.945159811835385444e+00
4.291888090827103430e-01 6.434768838116874390e-01 9.344531135979525782e-01 3.967784410413607965e+00
4.339647419332820499e-01 6.495190528383290030e-01 9.273684111034347088e-01 3.990691738139896749e+00
4.387432771597507553e-01 6.555055301063447137e-01 9.201506690341733075e-01 4.013873986495649859e+00
4.435265682170796420e-01 6.614378277661475680e-01 9.128008176332766954e-01 4.037301384710108465e+00
4.483167685602324481e-01 6.673173907519569514e-01 9.053200671850857306e-01 4.060950581372821055e+00
4.531160316441723013e-01 6.731456008918129674e-01 8.977091117546511789e-01 4.084788573106924225e+00
4.579265109238626619e-01 6.789237807000134683e-01 8.899690522919482261e-01 4.108805284229560151e+00
4.627503598542669905e-01 6.846531968814576485e-01 8.820997706544934092e-01 4.132976318876069755e+00
4.675897318903486366e-01 6.903350635742038222e-01 8.741025021819003316e-01 4.157267015801701326e+00
4.724467804870709498e-01 6.959705453537526898e-01 8.659793636372983272e-01 4.181657127003861163e+00
4.773236590993974460e-01 7.015607600201140270e-01 8.577291427003185253e-01 4.206129169117796884e+00
4.822225211822913638e-01 7.071067811865475727e-01 8.493546493742997194e-01 4.230647926434324191e+00
4.871456454034019390e-01 7.126096406869611988e-01 8.408548962241334523e-01 4.255191970422598224e+00
4.920958918502955637e-01 7.180703308172535770e-01 8.322321051274765846e-01 4.279741533405406528e+00
4.970762892462516902e-01 7.234898064243890925e-01 8.234850924473011702e-01 4.304256533618191050e+00
5.020898663324058209e-01 7.288689868556625928e-01 8.146163882579672277e-01 4.328715456150822760e+00
5.071396518498937356e-01 7.342087577794206288e-01 8.056261369681596562e-01 4.353083419406791776e+00
5.122286745398505481e-01 7.395099728874520162e-01 7.965154900328523802e-01 4.377346425908370087e+00
5.173599631434120383e-01 7.447734554883115310e-01 7.872846686236540936e-01 4.401461667102128494e+00
5.225365464017137640e-01 7.500000000000000000e-01 7.779339632708589525e-01 4.425417594830048706e+00
5.277614530558909500e-01 7.551903733496607707e-01 7.684650111733420941e-01 4.449180293400432973e+00
5.330377118470795983e-01 7.603453162872774174e-01 7.588788759842460818e-01 4.472716217604800093e+00
5.383683515164146005e-01 7.654655446197431434e-01 7.491747144678316817e-01 4.495982618486641158e+00
5.437564008050317366e-01 7.705517503711220018e-01 7.393539714813168739e-01 4.518926025773084554e+00
5.492048884540667864e-01 7.756046028744285614e-01 7.294187148810525878e-01 4.541499476127654589e+00
5.547168432046549746e-01 7.806247497997997886e-01 7.193676285094776635e-01 4.563626911856500712e+00
5.602952937979318593e-01 7.856128181235334518e-01 7.092030928008803414e-01 4.585283870863180233e+00
5.659432689750328871e-01 7.905694150420948807e-01 6.989245409559498023e-01 4.606395598709326578e+00
5.716637974770939490e-01 7.954951288348659499e-01 6.885340618925809286e-01 4.626940332521393806e+00
5.774599080452498256e-01 8.003905296791060664e-01 6.780318580367659109e-01 4.646883138537786451e+00
5.833346294206367411e-01 8.052561704203203830e-01 6.674186072540129189e-01 4.666179032938206461e+00
5.892909903443899200e-01 8.100925873009825473e-01 6.566960191523903978e-01 4.684793826097362945e+00
5.953320195576445872e-01 8.149003006503311441e-01 6.458648493060330509e-01 4.702694785624354168e+00
6.014607458015367447e-01 8.196798155377500450e-01 6.349255307204155763e-01 4.719836933403741774e+00
6.076801978172016172e-01 8.244316223920574727e-01 6.238808981284347244e-01 4.736100151075577358e+00
6.139934043457748736e-01 8.291561975888499525e-01 6.127302238191683070e-01 4.751233513077891324e+00
6.204033941283919606e-01 8.338540040078958882e-01 6.014760447144101851e-01 4.764974649219840153e+00
6.269131959061884363e-01 8.385254915624211769e-01 5.901193873198381512e-01 4.777062063764891064e+00
6.335258384202996362e-01 8.431710977020026032e-01 5.786625323384555486e-01 4.787234215100822254e+00
6.402443504118610074e-01 8.477912478906585170e-01 5.671065142910195478e-01 4.795227880993429004e+00
6.470717606220086626e-01 8.523863560616159463e-01 5.554545831014274793e-01 4.800781114595104704e+00
6.540110977918773827e-01 8.569568250501304885e-01 5.437070103624681572e-01 4.803631789194749757e+00
6.610653906626030585e-01 8.615030470056388445e-01 5.318685914580169039e-01 4.803516435976139753e+00
6.682376679753211368e-01 8.660254037844385966e-01 5.199405547188499233e-01 4.800173942898533497e+00
6.755309533895138552e-01 8.705242673240074502e-01 5.079263153970021705e-01 4.793344058295025079e+00
6.829482486658157159e-01 8.750000000000000000e-01 4.958292704755040692e-01 4.782759916015559831e+00
6.904925496671580065e-01 8.794529549668930191e-01 4.836528288372149431e-01 4.767907695704143300e+00
6.981668522563876378e-01 8.838834764831844382e-01 4.714005252627915254e-01 4.748046603358568873e+00
7.059741522963517424e-01 8.882919002219934468e-01 4.590774196826543641e-01 4.722448517685864822e+00
7.139174456498971200e-01 8.926785535678563033e-01 4.466873524249370120e-01 4.690339120839825071e+00
7.219997281798715694e-01 8.970437559004577066e-01 4.342355428314731980e-01 4.650986028729985122e+00
7.302239957491214462e-01 9.013878188659972812e-01 4.217272182780854028e-01 4.603631541106076419e+00
7.385932442204938830e-01 9.057110466368398782e-01 4.091675588559821608e-01 4.547509663710914474e+00
7.471104694568366789e-01 9.100137361600647568e-01 3.965617969959490119e-01 4.481782215658015822e+00
7.557786673209964112e-01 9.142961773954870752e-01 3.839153364997835993e-01 4.405642580538377651e+00
7.646008336758201018e-01 9.185586535436918165e-01 3.712331389243834212e-01 4.318366365480926561e+00
7.735799643841551054e-01 9.228014412645875186e-01 3.585183101418834561e-01 4.219315991217900574e+00
7.827190553088479996e-01 9.270248108869578729e-01 3.457749980703476722e-01 4.108021056182880493e+00
7.920211023127468053e-01 9.312290266094587210e-01 3.330011054303022577e-01 3.984207839375884852e+00
8.014891012586975449e-01 9.354143466934853324e-01 3.201913593819331050e-01 3.847877337738813353e+00
8.111295090685418652e-01 9.395810236483067568e-01 3.073320935351513405e-01 3.699344970574295566e+00
8.209631522011034965e-01 9.437293044088437277e-01 2.943928770464034894e-01 3.539288296059992511e+00
8.310145857695451221e-01 9.478594305064438341e-01 2.813191510645285942e-01 3.368760281646718369e+00
8.413083648939001513e-01 9.519716382329885818e-01 2.680134951320273240e-01 3.189177566184197676e+00
8.518690446942042138e-01 9.560661587986472032e-01 2.543126050370901337e-01 3.002321891132229137e+00
8.627211802904906079e-01 9.601432184835759776e-01 2.399450590359099578e-01 2.810259879334105815e+00
8.738893268027942973e-01 9.642030387838445016e-01 2.244826233261974224e-01 2.615277155080796945e+00
8.853980393511492464e-01 9.682458365518542553e-01 2.073086679581115366e-01 2.419740261731740283e+00
8.972779671284761838e-01 9.722718241315028154e-01 1.876712493991949393e-01 2.226053003151655219e+00
9.095885913025784086e-01 9.762812094883317471e-01 1.649857385605586757e-01 2.036455189606225513e+00
9.223979113428256715e-01 9.802741963348826637e-01 1.395027354169159628e-01 1.853002851841156318e+00
9.357739279805122878e-01 9.842509842514762797e-01 1.130151292569074178e-01 1.677422301577395691e+00
9.498387997072275102e-01 9.882117688026185176e-01 8.858666313763467748e-02 1.511163577426072990e+00
9.649502576836818113e-01 9.921567416492215186e-01 6.886945469189709179e-02 1.355254616581174076e+00
9.815300684923123908e-01 9.960860906568266282e-01 5.463938063491714792e-02 1.210334640301373499e+00
1.000000000000000000e+00 1.000000000000000000e+00 4.514900000000000163e-02 1.078969999999999985e+00
