# 1.rho_tor 2.rho_pol 3.Te(keV) 4.ne(10^19m^-3)
#
0.000000000000000000e+00 0.000000000000000000e+00 1.100162633539267132e+00 3.750469999999999082e+00
5.743850543354890592e-02 8.838834764831882129e-02 1.100508749994429269e+00 3.725778772025436503e+00
8.173464529773108445e-02 1.249999999999997363e-01 1.100984207342041499e+00 3.702589229924324155e+00
1.001117722570662172e-01 1.530931089239486176e-01 1.101428813465553880e+00 3.680869617340611466e+00
1.155557900880957445e-01 1.767766952966370875e-01 1.101796036899693743e+00 3.660619977011313253e+00
1.292178929487707573e-01 1.976423537605235536e-01 1.102059767322011385e+00 3.641794913309371662e+00
1.415593010732134061e-01 2.165063509461096491e-01 1.102199539241892179e+00 3.624386372097172515e+00
1.528280418858896927e-01 2.338535866733714719e-01 1.102203038778142519e+00 3.608361395545529593e+00
1.632720797055191297e-01 2.499999999999998612e-01 1.102063586812418894e+00 3.593691911808809092e+00
1.731101217092323730e-01 2.651650429449552981e-01 1.101773998941987465e+00 3.580372904659301803e+00
1.824275361649524696e-01 2.795084971874738367e-01 1.101329000773003886e+00 3.568362729930620425e+00
1.912717262784867089e-01 2.931509849889642472e-01 1.100726846476956844e+00 3.557643937626924657e+00
1.996900925146574968e-01 3.061862178478972352e-01 1.099967793278656680e+00 3.548200816940195956e+00
2.077300353382865450e-01 3.186887195995491417e-01 1.099052887511424714e+00 3.540005995646856363e+00
2.154389552141958708e-01 3.307189138830737285e-01 1.097982864928040758e+00 3.533033948421036019e+00
2.228642526072077135e-01 3.423265984407288243e-01 1.096757177274746642e+00 3.527261460643791313e+00
2.300533279821438404e-01 3.535533905932738974e-01 1.095373138818547920e+00 3.522665426636126362e+00
2.370486791108928903e-01 3.644344934278311854e-01 1.093826330794469337e+00 3.519222733343358112e+00
2.438673240920662122e-01 3.750000000000000000e-01 1.092116144746271278e+00 3.516910240389972131e+00
2.505180295553092740e-01 3.852758751855611119e-01 1.090244081672329779e+00 3.515705019750158034e+00
2.570095579059227253e-01 3.952847075210473293e-01 1.088212097990014504e+00 3.515584060403947664e+00
2.633506715492079375e-01 4.050462936504912737e-01 1.086022433450216651e+00 3.516524376212994074e+00
2.695501328904652549e-01 4.145780987944250873e-01 1.083677451418703530e+00 3.518503020670784132e+00
2.756167043349959656e-01 4.238956239453292030e-01 1.081179491769589385e+00 3.521496696159498896e+00
2.815591482881004137e-01 4.330127018922192983e-01 1.078530736959296910e+00 3.525482546220925162e+00
2.873862271550797765e-01 4.419417382415922746e-01 1.075733091404321939e+00 3.530436863942376657e+00
2.931067033412346201e-01 4.506939094329985851e-01 1.072788073936763897e+00 3.536335687250559356e+00
2.987293392518660662e-01 4.592793267718459083e-01 1.069696722847882864e+00 3.543153256275999752e+00
3.042628972922747921e-01 4.677071733467426662e-01 1.066459512841679391e+00 3.550866858628263678e+00
3.097161398677615862e-01 4.759858191164942354e-01 1.063076283097692754e+00 3.559458007266441459e+00
3.150978293836274591e-01 4.841229182759271277e-01 1.059546175575441618e+00 3.568904290620757536e+00
3.204167282451729215e-01 4.921254921257381398e-01 1.055867582673499561e+00 3.579180517514167104e+00
3.256815988576990950e-01 4.999999999999999445e-01 1.052038103376369937e+00 3.590260902829602419e+00
3.309003303660053574e-01 5.077524002897475519e-01 1.048055189228285666e+00 3.602121754880067694e+00
3.360764412409512625e-01 5.153882032022075732e-01 1.043919129408843682e+00 3.614739354205670274e+00
3.412120853925261210e-01 5.229125165837971156e-01 1.039631248328864999e+00 3.628089759312467688e+00
3.463094162756936156e-01 5.303300858899105963e-01 1.035192919141012080e+00 3.642160199350887861e+00
3.513705873454167627e-01 5.376453291901641673e-01 1.030605546218790192e+00 3.656920349501189271e+00
3.563977520566591894e-01 5.448623679425841360e-01 1.025870549547866162e+00 3.672345434444851620e+00
3.613930638643841897e-01 5.519850541454904835e-01 1.020989350703391363e+00 3.688410870537590203e+00
3.663586762235551686e-01 5.590169943749474513e-01 1.015963360413992600e+00 3.705092485362058596e+00
3.712967425891355311e-01 5.659615711335884702e-01 1.010793967702529050e+00 3.722375940232236058e+00
3.762094164160887932e-01 5.728219618694799786e-01 1.005482530584644651e+00 3.740233812012405679e+00
3.810988511593781936e-01 5.796011559684814962e-01 1.000030368298391981e+00 3.758630812551908562e+00
3.859672002739672481e-01 5.863019699779286054e-01 9.944387550316631241e-01 3.777563459533173518e+00
3.908166172148192508e-01 5.929270612815711328e-01 9.887089151086676519e-01 3.796996468346526932e+00
3.956492554368976067e-01 5.994789404140898892e-01 9.828420195921179214e-01 3.816913165175664702e+00
4.004672683951657763e-01 6.059599821770410566e-01 9.768391842539766445e-01 3.837284180312170445e+00
4.052728095445871648e-01 6.123724356957944703e-01 9.707014688644404199e-01 3.858084051724174124e+00
4.100680323401251770e-01 6.187184335382290845e-01 9.644298777461670635e-01 3.879296586540672553e+00
4.148550902367428295e-01 6.250000000000000000e-01 9.580253615384394239e-01 3.900897035947565872e+00
4.196361366894043043e-01 6.312190586476298382e-01 9.514888201138999024e-01 3.922861312411275225e+00
4.244133251530722295e-01 6.373774391990980615e-01 9.448211065885692150e-01 3.945159811835385444e+00
4.291888090827103430e-01 6.434768838116874390e-01 9.380230323639179302e-01 3.967784410413607965e+00
4.339647419332820499e-01 6.495190528383290030e-01 9.310953731377861198e-01 3.990691738139896749e+00
4.387432771597507553e-01 6.555055301063447137e-01 9.240388758187291218e-01 4.013873986495649859e+00
4.435265682170796420e-01 6.614378277661475680e-01 9.168542662759123774e-01 4.037301384710108465e+00
4.483167685602324481e-01 6.673173907519569514e-01 9.095422578538545633e-01 4.060950581372821055e+00
4.531160316441723013e-01 6.731456008918129674e-01 9.021035605780827193e-01 4.084788573106924225e+00
4.579265109238626619e-01 6.789237807000134683e-01 8.945388909740212835e-01 4.108805284229560151e+00
4.627503598542669905e-01 6.846531968814576485e-01 8.868489824171938984e-01 4.132976318876069755e+00
4.675897318903486366e-01 6.903350635742038222e-01 8.790345959279886046e-01 4.157267015801701326e+00
4.724467804870709498e-01 6.959705453537526898e-01 8.710965313188224757e-01 4.181657127003861163e+00
4.773236590993974460e-01 7.015607600201140270e-01 8.630356385955486598e-01 4.206129169117796884e+00
4.822225211822913638e-01 7.071067811865475727e-01 8.548528295083599460e-01 4.230647926434324191e+00
4.871456454034019390e-01 7.126096406869611988e-01 8.465488769631160926e-01 4.255191970422598224e+00
4.920958918502955637e-01 7.180703308172535770e-01 8.381236375665129801e-01 4.279741533405406528e+00
4.970762892462516902e-01 7.234898064243890925e-01 8.295767361104146032e-01 4.304256533618191050e+00
5.020898663324058209e-01 7.288689868556625928e-01 8.209078669239704418e-01 4.328715456150822760e+00
5.071396518498937356e-01 7.342087577794206288e-01 8.121168148788180385e-01 4.353083419406791776e+00
5.122286745398505481e-01 7.395099728874520162e-01 8.032034760041008026e-01 4.377346425908370087e+00
5.173599631434120383e-01 7.447734554883115310e-01 7.941678775342807528e-01 4.401461667102128494e+00
5.225365464017137640e-01 7.500000000000000000e-01 7.850101971635208287e-01 4.425417594830048706e+00
5.277614530558909500e-01 7.551903733496607707e-01 7.757307812603581043e-01 4.449180293400432973e+00
5.330377118470795983e-01 7.603453162872774174e-01 7.663301617759820106e-01 4.472716217604800093e+00
5.383683515164146005e-01 7.654655446197431434e-01 7.568090715591970774e-01 4.495982618486641158e+00
5.437564008050317366e-01 7.705517503711220018e-01 7.471684577716878328e-01 4.518926025773084554e+00
5.492048884540667864e-01 7.756046028744285614e-01 7.374094930793281266e-01 4.541499476127654589e+00
5.547168432046549746e-01 7.806247497997997886e-01 7.275335842797626684e-01 4.563626911856500712e+00
5.602952937979318593e-01 7.856128181235334518e-01 7.175423780143520558e-01 4.585283870863180233e+00
5.659432689750328871e-01 7.905694150420948807e-01 7.074377632048692854e-01 4.606395598709326578e+00
5.716637974770939490e-01 7.954951288348659499e-01 6.972218698532108849e-01 4.626940332521393806e+00
5.774599080452498256e-01 8.003905296791060664e-01 6.868970638471086909e-01 4.646883138537786451e+00
5.833346294206367411e-01 8.052561704203203830e-01 6.764659374276410508e-01 4.666179032938206461e+00
5.892909903443899200e-01 8.100925873009825473e-01 6.659312949966054163e-01 4.684793826097362945e+00
5.953320195576445872e-01 8.149003006503311441e-01 6.552961339746864455e-01 4.702694785624354168e+00
6.014607458015367447e-01 8.196798155377500450e-01 6.445636204660688540e-01 4.719836933403741774e+00
6.076801978172016172e-01 8.244316223920574727e-01 6.337370595425696473e-01 4.736100151075577358e+00
6.139934043457748736e-01 8.291561975888499525e-01 6.228198600311383171e-01 4.751233513077891324e+00
6.204033941283919606e-01 8.338540040078958882e-01 6.118154937728927933e-01 4.764974649219840153e+00
6.269131959061884363e-01 8.385254915624211769e-01 6.007274494192147429e-01 4.777062063764891064e+00
6.335258384202996362e-01 8.431710977020026032e-01 5.895591809395247518e-01 4.787234215100822254e+00
6.402443504118610074e-01 8.477912478906585170e-01 5.783140511337069301e-01 4.795227880993429004e+00
6.470717606220086626e-01 8.523863560616159463e-01 5.669952705657393954e-01 4.800781114595104704e+00
6.540110977918773827e-01 8.569568250501304885e-01 5.556058324577964891e-01 4.803631789194749757e+00
6.610653906626030585e-01 8.615030470056388445e-01 5.441484441970045882e-01 4.803516435976139753e+00
6.682376679753211368e-01 8.660254037844385966e-01 5.326254561973394752e-01 4.800173942898533497e+00
6.755309533895138552e-01 8.705242673240074502e-01 5.210387969356283788e-01 4.793344058295025079e+00
6.829482486658157159e-01 8.750000000000000000e-01 5.093899246750777099e-01 4.782759916015559831e+00
6.904925496671580065e-01 8.794529549668930191e-01 4.976797262625046736e-01 4.767907695704143300e+00
6.981668522563876378e-01 8.838834764831844382e-01 4.859084330469135016e-01 4.748046603358568873e+00
7.059741522963517424e-01 8.882919002219934468e-01 4.740755461732251153e-01 4.722448517685864822e+00
7.139174456498971200e-01 8.926785535678563033e-01 4.621797606624694632e-01 4.690339120839825071e+00
7.219997281798715694e-01 8.970437559004577066e-01 4.502188857586743587e-01 4.650986028729985122e+00
7.302239957491214462e-01 9.013878188659972812e-01 4.381897567142626349e-01 4.603631541106076419e+00
7.385932442204938830e-01 9.057110466368398782e-01 4.260881295740267527e-01 4.547509663710914474e+00
7.471104694568366789e-01 9.100137361600647568e-01 4.139085448968374825e-01 4.481782215658015822e+00
7.557786673209964112e-01 9.142961773954870752e-01 4.016441376201025371e-01 4.405642580538377651e+00
7.646008336758201018e-01 9.185586535436918165e-01 3.892863567000064418e-01 4.318366365480926561e+00
7.735799643841551054e-01 9.228014412645875186e-01 3.768245370704689789e-01 4.219315991217900574e+00
7.827190553088479996e-01 9.270248108869578729e-01 3.642452337385944094e-01 4.108021056182880493e+00
7.920211023127468053e-01 9.312290266094587210e-01 3.515311772912733113e-01 3.984207839375884852e+00
8.014891012586975449e-01 9.354143466934853324e-01 3.386596328297397096e-01 3.847877337738813353e+00
8.111295090685418652e-01 9.395810236483067568e-01 3.255951413841839392e-01 3.699344970574295566e+00
8.209631522011034965e-01 9.437293044088437277e-01 3.122706791253253567e-01 3.539288296059992511e+00
8.310145857695451221e-01 9.478594305064438341e-01 2.985951452690909225e-01 3.368760281646718369e+00
8.413083648939001513e-01 9.519716382329885818e-01 2.844470517021846501e-01 3.189177566184197676e+00
8.518690446942042138e-01 9.560661587986472032e-01 2.696570352425090022e-01 3.002321891132229137e+00
8.627211802904906079e-01 9.601432184835759776e-01 2.539823669712266141e-01 2.810259879334105815e+00
8.738893268027942973e-01 9.642030387838445016e-01 2.370741156576356701e-01 2.615277155080796945e+00
8.853980393511492464e-01 9.682458365518542553e-01 2.184481465486983742e-01 2.419740261731740283e+00
8.972779671284761838e-01 9.722718241315028154e-01 1.974905674095079056e-01 2.226053003151655219e+00
9.095885913025784086e-01 9.762812094883317471e-01 1.735761203676451925e-01 2.036455189606225513e+00
9.223979113428256715e-01 9.802741963348826637e-01 1.465976287432550762e-01 1.853002851841156318e+00
9.357739279805122878e-01 9.842509842514762797e-01 1.179084235112650564e-01 1.677422301577395691e+00
9.498387997072275102e-01 9.882117688026185176e-01 9.083971332942632204e-02 1.511163577426072990e+00
9.649502576836818113e-01 9.921567416492215186e-01 6.931247748973613787e-02 1.355254616581174076e+00
9.815300684923123908e-01 9.960860906568266282e-01 5.563909478904307399e-02 1.210334640301373499e+00
1.000000000000000000e+00 1.000000000000000000e+00 4.898762992655769644e-02 1.078969999999999985e+00
