# 1.rho_tor 2.rho_pol 3.Ti(keV) 4.ni(10^19m^-3)
#
0.000000000000000000e+00 0.000000000000000000e+00 1.302547620668379036e+00 3.079670000000000130e+00
5.743850543354890592e-02 8.838834764831882129e-02 1.296265575339072829e+00 3.042250667622728333e+00
8.173464529773108445e-02 1.249999999999997363e-01 1.289864748325441512e+00 3.007608801747566840e+00
1.001117722570662172e-01 1.530931089239486176e-01 1.283311013597752126e+00 2.975634714076917486e+00
1.155557900880957445e-01 1.767766952966370875e-01 1.276612277565807085e+00 2.946266260996002195e+00
1.292178929487707573e-01 1.976423537605235536e-01 1.269765634820409383e+00 2.919399299043601292e+00
1.415593010732134061e-01 2.165063509461096491e-01 1.262775668619562586e+00 2.894932603449107855e+00
1.528280418858896927e-01 2.338535866733714719e-01 1.255645802766901742e+00 2.872786628440118228e+00
1.632720797055191297e-01 2.499999999999998612e-01 1.248379280061003627e+00 2.852853926896139480e+00
1.731101217092323730e-01 2.651650429449552981e-01 1.240979092023362984e+00 2.835051118576088047e+00
1.824275361649524696e-01 2.795084971874738367e-01 1.233447792255203179e+00 2.819267235169197861e+00
1.912717262784867089e-01 2.931509849889642472e-01 1.225790250772282652e+00 2.805435141970094914e+00
1.996900925146574968e-01 3.061862178478972352e-01 1.218009303165877188e+00 2.793432692849410870e+00
2.077300353382865450e-01 3.186887195995491417e-01 1.210108956711259731e+00 2.783194095062646145e+00
2.154389552141958708e-01 3.307189138830737285e-01 1.202092094395193378e+00 2.774600035541145093e+00
2.228642526072077135e-01 3.423265984407288243e-01 1.193963600792988133e+00 2.767572003774558365e+00
2.300533279821438404e-01 3.535533905932738974e-01 1.185725279402382704e+00 2.762016749593124043e+00
2.370486791108928903e-01 3.644344934278311854e-01 1.177381294008915669e+00 2.757834928066320579e+00
2.438673240920662122e-01 3.750000000000000000e-01 1.168934693592449614e+00 2.754930538444515076e+00
2.505180295553092740e-01 3.852758751855611119e-01 1.160389146052969167e+00 2.753211355420855710e+00
2.570095579059227253e-01 3.952847075210473293e-01 1.151748020890993818e+00 2.752585229226863550e+00
2.633506715492079375e-01 4.050462936504912737e-01 1.143014605162684161e+00 2.752960036350372786e+00
2.695501328904652549e-01 4.145780987944250873e-01 1.134192928099045483e+00 2.754243691776665948e+00
2.756167043349959656e-01 4.238956239453292030e-01 1.125285483750082971e+00 2.756345419329649271e+00
2.815591482881004137e-01 4.330127018922192983e-01 1.116297904842889821e+00 2.759184397212890438e+00
2.873862271550797765e-01 4.419417382415922746e-01 1.107231834168387552e+00 2.762682968686248408e+00
2.931067033412346201e-01 4.506939094329985851e-01 1.098091170835518549e+00 2.766764212529066569e+00
2.987293392518660662e-01 4.592793267718459083e-01 1.088880634944035419e+00 2.771350927724342661e+00
3.042628972922747921e-01 4.677071733467426662e-01 1.079601656685230004e+00 2.776365879608851284e+00
3.097161398677615862e-01 4.759858191164942354e-01 1.070259703051096745e+00 2.781730889358997594e+00
3.150978293836274591e-01 4.841229182759271277e-01 1.060856807123572221e+00 2.787367489343884230e+00
3.204167282451729215e-01 4.921254921257381398e-01 1.051397133805545003e+00 2.793198227561696889e+00
3.256815988576990950e-01 4.999999999999999445e-01 1.041883979238145130e+00 2.799135096142056245e+00
3.309003303660053574e-01 5.077524002897475519e-01 1.032320589461037219e+00 2.805062800235784692e+00
3.360764412409512625e-01 5.153882032022075732e-01 1.022709683512798229e+00 2.810874530897942591e+00
3.412120853925261210e-01 5.229125165837971156e-01 1.013055423488314455e+00 2.816482029813651256e+00
3.463094162756936156e-01 5.303300858899105963e-01 1.003361052550411969e+00 2.821778299256924694e+00
3.513705873454167627e-01 5.376453291901641673e-01 9.936300279637894084e-01 2.826631594536123782e+00
3.563977520566591894e-01 5.448623679425841360e-01 9.838666137149234547e-01 2.830947721941717621e+00
3.613930638643841897e-01 5.519850541454904835e-01 9.740732203289884650e-01 2.834707776095227061e+00
3.663586762235551686e-01 5.590169943749474513e-01 9.642539315856730742e-01 2.837901324500383460e+00
3.712967425891355311e-01 5.659615711335884702e-01 9.544121489101856648e-01 2.840517937943625171e+00
3.762094164160887932e-01 5.728219618694799786e-01 9.445507322979542764e-01 2.842546962878665706e+00
3.810988511593781936e-01 5.796011559684814962e-01 9.346736101668691177e-01 2.843978400702038112e+00
3.859672002739672481e-01 5.863019699779286054e-01 9.247842144463013225e-01 2.844801542613253353e+00
3.908166172148192508e-01 5.929270612815711328e-01 9.148863252490773146e-01 2.845006223363645059e+00
3.956492554368976067e-01 5.994789404140898892e-01 9.049834698707390768e-01 2.844581678175072348e+00
4.004672683951657763e-01 6.059599821770410566e-01 8.950775906452982378e-01 2.843518585469259730e+00
4.052728095445871648e-01 6.123724356957944703e-01 8.851740620946463300e-01 2.841821358428723077e+00
4.100680323401251770e-01 6.187184335382290845e-01 8.752747763794256342e-01 2.839507663999281117e+00
4.148550902367428295e-01 6.250000000000000000e-01 8.653837117848481864e-01 2.836596426816457406e+00
4.196361366894043043e-01 6.312190586476298382e-01 8.555050013932546937e-01 2.833101316771938993e+00
4.244133251530722295e-01 6.373774391990980615e-01 8.456409035201203350e-01 2.829024795320634666e+00
4.291888090827103430e-01 6.434768838116874390e-01 8.357955455434629144e-01 2.824368803391687610e+00
4.339647419332820499e-01 6.495190528383290030e-01 8.259717461689001228e-01 2.819141225320069832e+00
4.387432771597507553e-01 6.555055301063447137e-01 8.161726104944563298e-01 2.813352271364232493e+00
4.435265682170796420e-01 6.614378277661475680e-01 8.064031608491011305e-01 2.807013112863944837e+00
4.483167685602324481e-01 6.673173907519569514e-01 7.966643979692188404e-01 2.800139867492471346e+00
4.531160316441723013e-01 6.731456008918129674e-01 7.869617635492432983e-01 2.792753518621621911e+00
4.579265109238626619e-01 6.789237807000134683e-01 7.772972691268301704e-01 2.784856750070361375e+00
4.627503598542669905e-01 6.846531968814576485e-01 7.676743471296727517e-01 2.776463522245397275e+00
4.675897318903486366e-01 6.903350635742038222e-01 7.580960717105220681e-01 2.767603668463890720e+00
4.724467804870709498e-01 6.959705453537526898e-01 7.485665166257586822e-01 2.758293324414314629e+00
4.773236590993974460e-01 7.015607600201140270e-01 7.390879535240796327e-01 2.748547557347933434e+00
4.822225211822913638e-01 7.071067811865475727e-01 7.296661088579949883e-01 2.738389262397787682e+00
4.871456454034019390e-01 7.126096406869611988e-01 7.203004871394445008e-01 2.727855653214742215e+00
4.920958918502955637e-01 7.180703308172535770e-01 7.109963822882124918e-01 2.716952047314928453e+00
4.970762892462516902e-01 7.234898064243890925e-01 7.017559986508943304e-01 2.705720562851948952e+00
5.020898663324058209e-01 7.288689868556625928e-01 6.925830993623510734e-01 2.694192064996116631e+00
5.071396518498937356e-01 7.342087577794206288e-01 6.834803552697789053e-01 2.682390741755736663e+00
5.122286745398505481e-01 7.395099728874520162e-01 6.744511843563291142e-01 2.670343261864779105e+00
5.173599631434120383e-01 7.447734554883115310e-01 6.654981129078010316e-01 2.658110030257214262e+00
5.225365464017137640e-01 7.500000000000000000e-01 6.566235078290172389e-01 2.645712699744087182e+00
5.277614530558909500e-01 7.551903733496607707e-01 6.478318840198954431e-01 2.633194323874062270e+00
5.330377118470795983e-01 7.603453162872774174e-01 6.391254377497060934e-01 2.620610372599837756e+00
5.383683515164146005e-01 7.654655446197431434e-01 6.305056682834359050e-01 2.607965409173974347e+00
5.437564008050317366e-01 7.705517503711220018e-01 6.219768693692303563e-01 2.595303776968009402e+00
5.492048884540667864e-01 7.756046028744285614e-01 6.135410205946160156e-01 2.582633789526826096e+00
5.547168432046549746e-01 7.806247497997997886e-01 6.052019012849032542e-01 2.569979903100794605e+00
5.602952937979318593e-01 7.856128181235334518e-01 5.969605308298420177e-01 2.557374295736446701e+00
5.659432689750328871e-01 7.905694150420948807e-01 5.888198339890392541e-01 2.544847720775503142e+00
5.716637974770939490e-01 7.954951288348659499e-01 5.807838385552573923e-01 2.532493658371664846e+00
5.774599080452498256e-01 8.003905296791060664e-01 5.728529930493686528e-01 2.520349786797954295e+00
5.833346294206367411e-01 8.052561704203203830e-01 5.650307100642731895e-01 2.508515887840840008e+00
5.892909903443899200e-01 8.100925873009825473e-01 5.573192276990520666e-01 2.497040603706706996e+00
5.953320195576445872e-01 8.149003006503311441e-01 5.497206431075957189e-01 2.486004539013098036e+00
6.014607458015367447e-01 8.196798155377500450e-01 5.422371782979248378e-01 2.475481972883296411e+00
6.076801978172016172e-01 8.244316223920574727e-01 5.348709033152660997e-01 2.465460729801309814e+00
6.139934043457748736e-01 8.291561975888499525e-01 5.276242222779271573e-01 2.455819700792030158e+00
6.204033941283919606e-01 8.338540040078958882e-01 5.204983981282361727e-01 2.446442969912390186e+00
6.269131959061884363e-01 8.385254915624211769e-01 5.134954598002040571e-01 2.437202560326362288e+00
6.335258384202996362e-01 8.431710977020026032e-01 5.066168462765436864e-01 2.427972227112348502e+00
6.402443504118610074e-01 8.477912478906585170e-01 4.998647885095661714e-01 2.418616414286540284e+00
6.470717606220086626e-01 8.523863560616159463e-01 4.932392962006966197e-01 2.409013767164805309e+00
6.540110977918773827e-01 8.569568250501304885e-01 4.867419822650258521e-01 2.399036490916778952e+00
6.610653906626030585e-01 8.615030470056388445e-01 4.803736502976493905e-01 2.388563718025223714e+00
6.682376679753211368e-01 8.660254037844385966e-01 4.741346903552494108e-01 2.377464002125718068e+00
6.755309533895138552e-01 8.705242673240074502e-01 4.680244925841266501e-01 2.365607218967134440e+00
6.829482486658157159e-01 8.750000000000000000e-01 4.620418047583724208e-01 2.352866614079918595e+00
6.904925496671580065e-01 8.794529549668930191e-01 4.561849669885369440e-01 2.338962505704574202e+00
6.981668522563876378e-01 8.838834764831844382e-01 4.504515815213001040e-01 2.323462536957451086e+00
7.059741522963517424e-01 8.882919002219934468e-01 4.448336359958490749e-01 2.305921836211856757e+00
7.139174456498971200e-01 8.926785535678563033e-01 4.393256571631928842e-01 2.285911928460901077e+00
7.219997281798715694e-01 8.970437559004577066e-01 4.339167710284738133e-01 2.263021602100722340e+00
7.302239957491214462e-01 9.013878188659972812e-01 4.285885735472421132e-01 2.236864246771515852e+00
7.385932442204938830e-01 9.057110466368398782e-01 4.233219405269652569e-01 2.207028388675602137e+00
7.471104694568366789e-01 9.100137361600647568e-01 4.180861431852569421e-01 2.173042244796544953e+00
7.557786673209964112e-01 9.142961773954870752e-01 4.128347795787928876e-01 2.134480133584473194e+00
7.646008336758201018e-01 9.185586535436918165e-01 4.075173313786204510e-01 2.090937471092760180e+00
7.735799643841551054e-01 9.228014412645875186e-01 4.020540849036627340e-01 2.042046305814730900e+00
7.827190553088479996e-01 9.270248108869578729e-01 3.963406890828227169e-01 1.987523057153043116e+00
7.920211023127468053e-01 9.312290266094587210e-01 3.902468444410779336e-01 1.927183575632962276e+00
8.014891012586975449e-01 9.354143466934853324e-01 3.835909882863558495e-01 1.860983690332797202e+00
8.111295090685418652e-01 9.395810236483067568e-01 3.761492283625291200e-01 1.789017382800870415e+00
8.209631522011034965e-01 9.437293044088437277e-01 3.676380826536933544e-01 1.711563470415570665e+00
8.310145857695451221e-01 9.478594305064438341e-01 3.577137815844255719e-01 1.629084447469834718e+00
8.413083648939001513e-01 9.519716382329885818e-01 3.459874021348747219e-01 1.542241183429055473e+00
8.518690446942042138e-01 9.560661587986472032e-01 3.320474932485162345e-01 1.451877427293051914e+00
8.627211802904906079e-01 9.601432184835759776e-01 3.155109256939343521e-01 1.359007257972684624e+00
8.738893268027942973e-01 9.642030387838445016e-01 2.961060191559303223e-01 1.264710613047501875e+00
8.853980393511492464e-01 9.682458365518542553e-01 2.737695521461155912e-01 1.170151754171437686e+00
8.972779671284761838e-01 9.722718241315028154e-01 2.487532242024260154e-01 1.076486716530028476e+00
9.095885913025784086e-01 9.762812094883317471e-01 2.216772177008821676e-01 9.848021768378097951e-01
9.223979113428256715e-01 9.802741963348826637e-01 1.935004962635192005e-01 8.960902737974034693e-01
9.357739279805122878e-01 9.842509842514762797e-01 1.653932804836098225e-01 8.111769677799943734e-01
9.498387997072275102e-01 9.882117688026185176e-01 1.385378438392141365e-01 7.307785860271188705e-01
9.649502576836818113e-01 9.921567416492215186e-01 1.139101330331472178e-01 6.553864751954893153e-01
9.815300684923123908e-01 9.960860906568266282e-01 9.215156447804638551e-02 5.853050505943476756e-01
1.000000000000000000e+00 1.000000000000000000e+00 7.384499999999999398e-02 5.217800000000000216e-01
