# 1.rho_tor 2.rho_pol 3.Te(keV) 4.ne(10^19m^-3)
#
0.000000000000000000e+00 0.000000000000000000e+00 1.097000622790128777e+00 3.750469999999999082e+00
5.743850543354890592e-02 8.838834764831882129e-02 1.098143861773515972e+00 3.725778772025436503e+00
8.173464529773108445e-02 1.249999999999997363e-01 1.099141597707220974e+00 3.702589229924324155e+00
1.001117722570662172e-01 1.530931089239486176e-01 1.099965385006479890e+00 3.680869617340611466e+00
1.155557900880957445e-01 1.767766952966370875e-01 1.100611705832036824e+00 3.660619977011313253e+00
1.292178929487707573e-01 1.976423537605235536e-01 1.101080684035984580e+00 3.641794913309371662e+00
1.415593010732134061e-01 2.165063509461096491e-01 1.101372803764336439e+00 3.624386372097172515e+00
1.528280418858896927e-01 2.338535866733714719e-01 1.101489083347641396e+00 3.608361395545529593e+00
1.632720797055191297e-01 2.499999999999998612e-01 1.101430152934312456e+00 3.593691911808809092e+00
1.731101217092323730e-01 2.651650429449552981e-01 1.101196361208350183e+00 3.580372904659301803e+00
1.824275361649524696e-01 2.795084971874738367e-01 1.100788629549062314e+00 3.568362729930620425e+00
1.912717262784867089e-01 2.931509849889642472e-01 1.100208013516719152e+00 3.557643937626924657e+00
1.996900925146574968e-01 3.061862178478972352e-01 1.099455499902282085e+00 3.548200816940195956e+00
2.077300353382865450e-01 3.186887195995491417e-01 1.098532084162602507e+00 3.540005995646856363e+00
2.154389552141958708e-01 3.307189138830737285e-01 1.097438606803397665e+00 3.533033948421036019e+00
2.228642526072077135e-01 3.423265984407288243e-01 1.096175904539819612e+00 3.527261460643791313e+00
2.300533279821438404e-01 3.535533905932738974e-01 1.094744721276966315e+00 3.522665426636126362e+00
2.370486791108928903e-01 3.644344934278311854e-01 1.093145632376474552e+00 3.519222733343358112e+00
2.438673240920662122e-01 3.750000000000000000e-01 1.091379378751227369e+00 3.516910240389972131e+00
2.505180295553092740e-01 3.852758751855611119e-01 1.089446803535342623e+00 3.515705019750158034e+00
2.570095579059227253e-01 3.952847075210473293e-01 1.087348815226042653e+00 3.515584060403947664e+00
2.633506715492079375e-01 4.050462936504912737e-01 1.085086475253789207e+00 3.516524376212994074e+00
2.695501328904652549e-01 4.145780987944250873e-01 1.082660860376785328e+00 3.518503020670784132e+00
2.756167043349959656e-01 4.238956239453292030e-01 1.080072979838643255e+00 3.521496696159498896e+00
2.815591482881004137e-01 4.330127018922192983e-01 1.077323578884997968e+00 3.525482546220925162e+00
2.873862271550797765e-01 4.419417382415922746e-01 1.074413560732058626e+00 3.530436863942376657e+00
2.931067033412346201e-01 4.506939094329985851e-01 1.071343713174756074e+00 3.536335687250559356e+00
2.987293392518660662e-01 4.592793267718459083e-01 1.068114968479890514e+00 3.543153256275999752e+00
3.042628972922747921e-01 4.677071733467426662e-01 1.064728189684109427e+00 3.550866858628263678e+00
3.097161398677615862e-01 4.759858191164942354e-01 1.061184227747690612e+00 3.559458007266441459e+00
3.150978293836274591e-01 4.841229182759271277e-01 1.057484128478751728e+00 3.568904290620757536e+00
3.204167282451729215e-01 4.921254921257381398e-01 1.053628481938766237e+00 3.579180517514167104e+00
3.256815988576990950e-01 4.999999999999999445e-01 1.049617477656249021e+00 3.590260902829602419e+00
3.309003303660053574e-01 5.077524002897475519e-01 1.045452375358822961e+00 3.602121754880067694e+00
3.360764412409512625e-01 5.153882032022075732e-01 1.041134736220913348e+00 3.614739354205670274e+00
3.412120853925261210e-01 5.229125165837971156e-01 1.036664263183024515e+00 3.628089759312467688e+00
3.463094162756936156e-01 5.303300858899105963e-01 1.032041482727805048e+00 3.642160199350887861e+00
3.513705873454167627e-01 5.376453291901641673e-01 1.027267773717255528e+00 3.656920349501189271e+00
3.563977520566591894e-01 5.448623679425841360e-01 1.022344945228452762e+00 3.672345434444851620e+00
3.613930638643841897e-01 5.519850541454904835e-01 1.017272681127625589e+00 3.688410870537590203e+00
3.663586762235551686e-01 5.590169943749474513e-01 1.012051549958221219e+00 3.705092485362058596e+00
3.712967425891355311e-01 5.659615711335884702e-01 1.006683585092222888e+00 3.722375940232236058e+00
3.762094164160887932e-01 5.728219618694799786e-01 1.001169626488578990e+00 3.740233812012405679e+00
3.810988511593781936e-01 5.796011559684814962e-01 9.955089285951917999e-01 3.758630812551908562e+00
3.859672002739672481e-01 5.863019699779286054e-01 9.897036610867726569e-01 3.777563459533173518e+00
3.908166172148192508e-01 5.929270612815711328e-01 9.837538168054628107e-01 3.796996468346526932e+00
3.956492554368976067e-01 5.994789404140898892e-01 9.776609830309952454e-01 3.816913165175664702e+00
4.004672683951657763e-01 6.059599821770410566e-01 9.714262252486942639e-01 3.837284180312170445e+00
4.052728095445871648e-01 6.123724356957944703e-01 9.650492695351274852e-01 3.858084051724174124e+00
4.100680323401251770e-01 6.187184335382290845e-01 9.585316335032626478e-01 3.879296586540672553e+00
4.148550902367428295e-01 6.250000000000000000e-01 9.518735124141833870e-01 3.900897035947565872e+00
4.196361366894043043e-01 6.312190586476298382e-01 9.450760607704399296e-01 3.922861312411275225e+00
4.244133251530722295e-01 6.373774391990980615e-01 9.381401420501069843e-01 3.945159811835385444e+00
4.291888090827103430e-01 6.434768838116874390e-01 9.310664931404747380e-01 3.967784410413607965e+00
4.339647419332820499e-01 6.495190528383290030e-01 9.238561099181351599e-01 3.990691738139896749e+00
4.387432771597507553e-01 6.555055301063447137e-01 9.165091441496542313e-01 4.013873986495649859e+00
4.435265682170796420e-01 6.614378277661475680e-01 9.090264266697132278e-01 4.037301384710108465e+00
4.483167685602324481e-01 6.673173907519569514e-01 9.014090629522452103e-01 4.060950581372821055e+00
4.531160316441723013e-01 6.731456008918129674e-01 8.936576413545065378e-01 4.084788573106924225e+00
4.579265109238626619e-01 6.789237807000134683e-01 8.857731512077694491e-01 4.108805284229560151e+00
4.627503598542669905e-01 6.846531968814576485e-01 8.777553671562375870e-01 4.132976318876069755e+00
4.675897318903486366e-01 6.903350635742038222e-01 8.696054060717977041e-01 4.157267015801701326e+00
4.724467804870709498e-01 6.959705453537526898e-01 8.613252567180953445e-01 4.181657127003861163e+00
4.773236590993974460e-01 7.015607600201140270e-01 8.529135997872789865e-01 4.206129169117796884e+00
4.822225211822913638e-01 7.071067811865475727e-01 8.443731075230129779e-01 4.230647926434324191e+00
4.871456454034019390e-01 7.126096406869611988e-01 8.357026757309582443e-01 4.255191970422598224e+00
4.920958918502955637e-01 7.180703308172535770e-01 8.269043536318568810e-01 4.279741533405406528e+00
4.970762892462516902e-01 7.234898064243890925e-01 8.179768002621139455e-01 4.304256533618191050e+00
5.020898663324058209e-01 7.288689868556625928e-01 8.089223520418556967e-01 4.328715456150822760e+00
5.071396518498937356e-01 7.342087577794206288e-01 7.997409765630089096e-01 4.353083419406791776e+00
5.122286745398505481e-01 7.395099728874520162e-01 7.904336365112218932e-01 4.377346425908370087e+00
5.173599631434120383e-01 7.447734554883115310e-01 7.810003721888694184e-01 4.401461667102128494e+00
5.225365464017137640e-01 7.500000000000000000e-01 7.714412936637208285e-01 4.425417594830048706e+00
5.277614530558909500e-01 7.551903733496607707e-01 7.617578447855858359e-01 4.449180293400432973e+00
5.330377118470795983e-01 7.603453162872774174e-01 7.519509052304073071e-01 4.472716217604800093e+00
5.383683515164146005e-01 7.654655446197431434e-01 7.420194783714832987e-01 4.495982618486641158e+00
5.437564008050317366e-01 7.705517503711220018e-01 7.319648381629487721e-01 4.518926025773084554e+00
5.492048884540667864e-01 7.756046028744285614e-01 7.217888842458178855e-01 4.541499476127654589e+00
5.547168432046549746e-01 7.806247497997997886e-01 7.114901962461597229e-01 4.563626911856500712e+00
5.602952937979318593e-01 7.856128181235334518e-01 7.010710202592723705e-01 4.585283870863180233e+00
5.659432689750328871e-01 7.905694150420948807e-01 6.905307258463267983e-01 4.606395598709326578e+00
5.716637974770939490e-01 7.954951288348659499e-01 6.798713300987296870e-01 4.626940332521393806e+00
5.774599080452498256e-01 8.003905296791060664e-01 6.690930335981638555e-01 4.646883138537786451e+00
5.833346294206367411e-01 8.052561704203203830e-01 6.581965534790139571e-01 4.666179032938206461e+00
5.892909903443899200e-01 8.100925873009825473e-01 6.471836757216753444e-01 4.684793826097362945e+00
5.953320195576445872e-01 8.149003006503311441e-01 6.360553158453844391e-01 4.702694785624354168e+00
6.014607458015367447e-01 8.196798155377500450e-01 6.248121524214028666e-01 4.719836933403741774e+00
6.076801978172016172e-01 8.244316223920574727e-01 6.134573031200428739e-01 4.736100151075577358e+00
6.139934043457748736e-01 8.291561975888499525e-01 6.019905049495086757e-01 4.751233513077891324e+00
6.204033941283919606e-01 8.338540040078958882e-01 5.904148038689217559e-01 4.764974649219840153e+00
6.269131959061884363e-01 8.385254915624211769e-01 5.787319038546783201e-01 4.777062063764891064e+00
6.335258384202996362e-01 8.431710977020026032e-01 5.669448811100797903e-01 4.787234215100822254e+00
6.402443504118610074e-01 8.477912478906585170e-01 5.550557676777466698e-01 4.795227880993429004e+00
6.470717606220086626e-01 8.523863560616159463e-01 5.430689342264466424e-01 4.800781114595104704e+00
6.540110977918773827e-01 8.569568250501304885e-01 5.309860693213187544e-01 4.803631789194749757e+00
6.610653906626030585e-01 8.615030470056388445e-01 5.188134684147287512e-01 4.803516435976139753e+00
6.682376679753211368e-01 8.660254037844385966e-01 5.065542173516623947e-01 4.800173942898533497e+00
6.755309533895138552e-01 8.705242673240074502e-01 4.942137787044479369e-01 4.793344058295025079e+00
6.829482486658157159e-01 8.750000000000000000e-01 4.817978740390071457e-01 4.782759916015559831e+00
6.904925496671580065e-01 8.794529549668930191e-01 4.693125256365492382e-01 4.767907695704143300e+00
6.981668522563876378e-01 8.838834764831844382e-01 4.567641751905371916e-01 4.748046603358568873e+00
7.059741522963517424e-01 8.882919002219934468e-01 4.441610222472284764e-01 4.722448517685864822e+00
7.139174456498971200e-01 8.926785535678563033e-01 4.315103939276027090e-01 4.690339120839825071e+00
7.219997281798715694e-01 8.970437559004577066e-01 4.188212147713197275e-01 4.650986028729985122e+00
7.302239957491214462e-01 9.013878188659972812e-01 4.061026724074269234e-01 4.603631541106076419e+00
7.385932442204938830e-01 9.057110466368398782e-01 3.933641330824805826e-01 4.547509663710914474e+00
7.471104694568366789e-01 9.100137361600647568e-01 3.806151911646231678e-01 4.481782215658015822e+00
7.557786673209964112e-01 9.142961773954870752e-01 3.678657214745555959e-01 4.405642580538377651e+00
7.646008336758201018e-01 9.185586535436918165e-01 3.551252290570675041e-01 4.318366365480926561e+00
7.735799643841551054e-01 9.228014412645875186e-01 3.424014470508543462e-01 4.219315991217900574e+00
7.827190553088479996e-01 9.270248108869578729e-01 3.297029575953938085e-01 4.108021056182880493e+00
7.920211023127468053e-01 9.312290266094587210e-01 3.170322965318845831e-01 3.984207839375884852e+00
8.014891012586975449e-01 9.354143466934853324e-01 3.043887510597773072e-01 3.847877337738813353e+00
8.111295090685418652e-01 9.395810236483067568e-01 2.917631894624648226e-01 3.699344970574295566e+00
8.209631522011034965e-01 9.437293044088437277e-01 2.791296474023670093e-01 3.539288296059992511e+00
8.310145857695451221e-01 9.478594305064438341e-01 2.664396545182998732e-01 3.368760281646718369e+00
8.413083648939001513e-01 9.519716382329885818e-01 2.536054666451069695e-01 3.189177566184197676e+00
8.518690446942042138e-01 9.560661587986472032e-01 2.404791673524989404e-01 3.002321891132229137e+00
8.627211802904906079e-01 9.601432184835759776e-01 2.268142120337376111e-01 2.810259879334105815e+00
8.738893268027942973e-01 9.642030387838445016e-01 2.122208996299748962e-01 2.615277155080796945e+00
8.853980393511492464e-01 9.682458365518542553e-01 1.961364884466851033e-01 2.419740261731740283e+00
8.972779671284761838e-01 9.722718241315028154e-01 1.778697069664897379e-01 2.226053003151655219e+00
9.095885913025784086e-01 9.762812094883317471e-01 1.568681366479216244e-01 2.036455189606225513e+00
9.223979113428256715e-01 9.802741963348826637e-01 1.333189034392212036e-01 1.853002851841156318e+00
9.357739279805122878e-01 9.842509842514762797e-01 1.088009026143837016e-01 1.677422301577395691e+00
9.498387997072275102e-01 9.882117688026185176e-01 8.607878679885509754e-02 1.511163577426072990e+00
9.649502576836818113e-01 9.921567416492215186e-01 6.760811624537856057e-02 1.355254616581174076e+00
9.815300684923123908e-01 9.960860906568266282e-01 5.417298871552137657e-02 1.210334640301373499e+00
1.000000000000000000e+00 1.000000000000000000e+00 4.514900000000000163e-02 1.078969999999999985e+00
