# 1.rho_tor 2.rho_pol 3.Tz(keV) 4.nz(10^19m^-3)
#
0.000000000000000000e+00 0.000000000000000000e+00 1.221883498388461886e+00 5.764983333333333348e-01
5.320527902240441975e-02 8.838834764831821067e-02 1.203679769275177946e+00 5.651574996953596663e-01
7.557542376373038717e-02 1.250000000000000000e-01 1.192624247147942018e+00 5.573143907310467160e-01
9.264725649654931283e-02 1.530931089239485066e-01 1.182893923383080192e+00 5.499464369930671115e-01
1.071389049935659171e-01 1.767766952966368932e-01 1.173829416659624592e+00 5.428172170395053620e-01
1.200633440837331062e-01 1.976423537605236092e-01 1.165243933533909537e+00 5.357963888132583063e-01
1.318336346140430160e-01 2.165063509461096769e-01 1.157043476922378522e+00 5.288079018023232880e-01
1.426774885086583566e-01 2.338535866733712498e-01 1.149174482853561052e+00 5.218319017915923341e-01
1.528225628278748194e-01 2.500000000000000000e-01 1.141607185926781121e+00 5.148662782005770655e-01
1.624689763563940681e-01 2.651650429449552426e-01 1.134322975945077472e+00 5.079174216677395659e-01
1.716913426713168322e-01 2.795084971874737256e-01 1.127296972518266660e+00 5.009867093661496407e-01
1.805285407466126479e-01 2.931509849889643027e-01 1.120505525115573775e+00 4.940747016542678671e-01
1.890194469762994933e-01 3.061862178478972907e-01 1.113929034033797505e+00 4.871831144494679910e-01
1.972029377543950412e-01 3.186887195995490307e-01 1.107550210575740213e+00 4.803140052322170672e-01
2.051178894749172699e-01 3.307189138830738395e-01 1.101355631406641278e+00 4.734719510078765903e-01
2.128031785318839075e-01 3.423265984407287688e-01 1.095334625327524458e+00 4.666581325001941671e-01
2.202976813193128491e-01 3.535533905932737864e-01 1.089477022021636987e+00 4.598799677371144257e-01
2.276362192528090245e-01 3.644344934278312409e-01 1.083773200427688765e+00 4.531343892316656574e-01
2.348325397124393921e-01 3.750000000000000555e-01 1.078215347412194491e+00 4.464249381616866019e-01
2.418935653537809816e-01 3.852758751855610009e-01 1.072796605013013327e+00 4.397588376509852237e-01
2.488262153384888375e-01 3.952847075210474403e-01 1.067510786456736582e+00 4.331365461491726854e-01
2.556374088282176715e-01 4.050462936504912181e-01 1.062351542313670238e+00 4.265629771306845841e-01
2.623340649846224171e-01 4.145780987944250318e-01 1.057313288783457539e+00 4.200413814929765399e-01
2.689231029693580077e-01 4.238956239453292585e-01 1.052391846945749165e+00 4.135757211666129529e-01
2.754114419440792383e-01 4.330127018922192428e-01 1.047582206957318629e+00 4.071654377147405079e-01
2.818060010704411811e-01 4.419417382415922191e-01 1.042880072936743785e+00 4.008109545048177402e-01
2.881136995100986309e-01 4.506939094329986961e-01 1.038281285623010142e+00 3.945150426147540634e-01
2.943414564247062715e-01 4.592793267718459083e-01 1.033782583704980995e+00 3.882831098897542299e-01
3.004961909759192862e-01 4.677071733467426107e-01 1.029381907858902157e+00 3.821180307473299176e-01
3.065848223253925808e-01 4.759858191164942909e-01 1.025072362606221699e+00 3.760240636276159232e-01
3.126142696347808392e-01 4.841229182759271277e-01 1.020838366960884036e+00 3.700013854647980494e-01
3.185914520657388560e-01 4.921254921257381953e-01 1.016660030731918463e+00 3.640552613974324392e-01
3.245232887799218702e-01 4.999999999999999445e-01 1.012517255582476627e+00 3.581827651477701435e-01
3.304159666647791815e-01 5.077524002897475519e-01 1.008389899512223353e+00 3.523858790753127135e-01
3.362720075710612377e-01 5.153882032022075732e-01 1.004257719186864239e+00 3.466665223657257600e-01
3.420927890944817085e-01 5.229125165837972267e-01 1.000102166427101480e+00 3.410240571630525630e-01
3.478796884491914265e-01 5.303300858899105963e-01 9.959045530924541811e-01 3.354605820967634378e-01
3.536340828493415578e-01 5.376453291901641673e-01 9.916451683267483164e-01 3.299788324858434208e-01
3.593573495090828795e-01 5.448623679425842470e-01 9.873066893688905443e-01 3.245807281692881241e-01
3.650508656425665577e-01 5.519850541454904835e-01 9.828702935208871727e-01 3.192680709515164361e-01
3.707160084639431474e-01 5.590169943749474513e-01 9.783173365293177381e-01 3.140430950458604209e-01
3.763541551873639257e-01 5.659615711335885813e-01 9.736302478072378364e-01 3.089089414561913549e-01
3.819666830269795588e-01 5.728219618694799786e-01 9.687917834587048693e-01 3.038680530496083443e-01
3.875549691969413235e-01 5.796011559684814962e-01 9.637838936790319444e-01 2.989234345720070962e-01
3.931203909113998862e-01 5.863019699779287164e-01 9.585879757498734222e-01 2.940780324664700185e-01
3.986643253845061907e-01 5.929270612815711328e-01 9.531878847671765298e-01 2.893322535313584964e-01
4.041881498304112919e-01 5.994789404140898892e-01 9.475657792454772466e-01 2.846917834130138769e-01
4.096932414632661335e-01 6.059599821770411676e-01 9.417032388118987685e-01 2.801572748446101158e-01
4.151809774972217149e-01 6.123724356957944703e-01 9.355835781145708241e-01 2.757355360077803907e-01
4.206527351464287579e-01 6.187184335382290845e-01 9.291898726590573920e-01 2.714239674006105885e-01
4.261098916250383173e-01 6.250000000000000000e-01 9.225029316003270363e-01 2.672292703990421514e-01
4.315538241472012815e-01 6.312190586476298382e-01 9.155069358196455953e-01 2.631519339564281079e-01
4.369859099270687053e-01 6.373774391990980615e-01 9.081834730332093431e-01 2.591971103679577282e-01
4.424075261787914770e-01 6.434768838116875500e-01 9.005155088281172615e-01 2.553641941010078575e-01
4.478200501165204850e-01 6.495190528383290030e-01 8.925045914172154982e-01 2.516562837988968737e-01
4.532248589544067285e-01 6.555055301063447137e-01 8.841651216844703676e-01 2.480783951983784874e-01
4.586233299066010405e-01 6.614378277661476790e-01 8.755110925902683805e-01 2.446342045743723492e-01
4.640168401872545312e-01 6.673173907519569514e-01 8.665573517368136969e-01 2.413227457114923979e-01
4.694067670105179779e-01 6.731456008918129674e-01 8.573178044527942632e-01 2.381467180380536786e-01
4.747944875905426021e-01 6.789237807000134683e-01 8.478068079350673525e-01 2.351126226211028292e-01
4.801813791414787924e-01 6.846531968814576485e-01 8.380386596230213758e-01 2.322211668521388939e-01
4.855688188774780478e-01 6.903350635742038222e-01 8.280276009338872756e-01 2.294769260873066596e-01
4.909581840126909791e-01 6.959705453537526898e-01 8.177871454499979764e-01 2.268810348767357765e-01
4.963508517612687521e-01 7.015607600201140270e-01 8.073306248263895091e-01 2.244361631142479940e-01
5.017481993373619220e-01 7.071067811865475727e-01 7.966728002685322663e-01 2.221453058017249238e-01
5.071515410358218290e-01 7.126096406869611988e-01 7.858252160827641219e-01 2.200143680947606595e-01
5.125618989883370391e-01 7.180703308172535770e-01 7.748021928399456693e-01 2.180427130802336522e-01
5.179802105872500784e-01 7.234898064243890925e-01 7.636155435402356417e-01 2.162370492809468914e-01
5.234074132159322046e-01 7.288689868556625928e-01 7.522801802076850564e-01 2.145968743308506177e-01
5.288444442577528992e-01 7.342087577794206288e-01 7.408073418042767644e-01 2.131272051129646239e-01
5.342922410960833091e-01 7.395099728874520162e-01 7.292108240554983078e-01 2.118303168953916127e-01
5.397517411142938037e-01 7.447734554883115310e-01 7.175028366689975012e-01 2.107095757201878639e-01
5.452238816957547529e-01 7.500000000000000000e-01 7.056955575684270565e-01 2.097698772147649215e-01
5.507096002238365262e-01 7.551903733496607707e-01 6.938023723314823421e-01 2.090090873974161101e-01
5.562098340819098263e-01 7.603453162872774174e-01 6.818349877863605357e-01 2.084326229299897082e-01
5.617255206533448009e-01 7.654655446197431434e-01 6.698071375813430262e-01 2.080470282347881006e-01
5.672575973215122636e-01 7.705517503711220018e-01 6.577289824996999101e-01 2.078528830274577743e-01
5.728070014697824730e-01 7.756046028744285614e-01 6.456148169662043745e-01 2.078521042516389139e-01
5.783746704815256878e-01 7.806247497997997886e-01 6.334766873108620411e-01 2.080490235875966099e-01
5.839615417401126107e-01 7.856128181235334518e-01 6.213258475362132272e-01 2.084456998506735159e-01
5.895685526289138334e-01 7.905694150420948807e-01 6.091745294100531227e-01 2.090458154566965931e-01
5.951970991273513034e-01 7.954951288348659499e-01 5.970359036950035891e-01 2.098561991761954126e-01
6.008506285956253246e-01 8.003905296791060664e-01 5.849221661490816571e-01 2.108758909750170774e-01
6.065331617557909727e-01 8.052561704203203830e-01 5.728476825361614733e-01 2.121104039853307921e-01
6.122487193564394303e-01 8.100925873009825473e-01 5.608237318811087890e-01 2.135595383817671389e-01
6.180013221461616579e-01 8.149003006503311441e-01 5.488651154820423095e-01 2.152311202267793155e-01
6.237949908735495042e-01 8.196798155377500450e-01 5.369841639022917557e-01 2.171272398515343705e-01
6.296337462871937074e-01 8.244316223920574727e-01 5.251945057735328826e-01 2.192511417662493245e-01
6.355216091356856722e-01 8.291561975888499525e-01 5.135082293562769351e-01 2.216079153181767514e-01
6.414626001676168032e-01 8.338540040078958882e-01 5.019396137952422121e-01 2.241980462372239469e-01
6.474607401315782829e-01 8.385254915624211769e-01 4.905012930284596284e-01 2.270259838719188294e-01
6.535200497761611826e-01 8.431710977020026032e-01 4.792066538160629774e-01 2.300973292980353913e-01
6.596445498499569071e-01 8.477912478906585170e-01 4.680712785838864187e-01 2.334141463611950074e-01
6.658382611015566388e-01 8.523863560616159463e-01 4.571083234426057129e-01 2.369792403937839020e-01
6.721052042795518933e-01 8.569568250501304885e-01 4.463314516779205987e-01 2.407954383385431385e-01
6.784494001325335200e-01 8.615030470056388445e-01 4.357560212952109047e-01 2.448691413801149241e-01
6.848748694090931455e-01 8.660254037844385966e-01 4.253968405121963947e-01 2.492040260983889310e-01
6.913862904239744811e-01 8.705242673240074502e-01 4.152677621653059759e-01 2.538020236102759286e-01
6.979911752037160078e-01 8.750000000000000000e-01 4.053862278117183471e-01 2.586664188872796477e-01
7.046977989379774598e-01 8.794529549668930191e-01 3.957616492698378674e-01 2.638038810011311686e-01
7.115144368272682263e-01 8.838834764831844382e-01 3.863848039618210106e-01 2.692125224517330495e-01
7.184493640720970298e-01 8.882919002219934468e-01 3.772422743615491680e-01 2.749008922986569403e-01
7.255108558729728152e-01 8.926785535678563033e-01 3.683185389690179501e-01 2.808681469823372523e-01
7.327071874304041943e-01 8.970437559004577066e-01 3.595979531743631052e-01 2.871153998642613225e-01
7.400466339449004449e-01 9.013878188659972812e-01 3.510656132410716612e-01 2.936411280500393906e-01
7.475379413739655643e-01 9.057110466368398782e-01 3.427052689048800671e-01 3.004426363788331722e-01
7.551921679739674875e-01 9.100137361600648678e-01 3.345003295381874242e-01 3.075119400181353102e-01
7.630210807885859925e-01 9.142961773954870752e-01 3.264315277506534829e-01 3.148359308416758817e-01
7.710364470466901654e-01 9.185586535436918165e-01 3.184819994873534510e-01 3.223889345583040855e-01
7.792500339771489815e-01 9.228014412645875186e-01 3.106323601441702831e-01 3.301317210601928953e-01
7.876736088088309717e-01 9.270248108869579839e-01 3.028670241195430268e-01 3.379954469504427572e-01
7.963189387706052225e-01 9.312290266094587210e-01 2.951652262200201160e-01 3.458789129444442279e-01
8.051977910913407088e-01 9.354143466934853324e-01 2.875104813533128079e-01 3.536275466563805203e-01
8.143226366914210201e-01 9.395810236483067568e-01 2.798829899001237798e-01 3.610022652992130321e-01
8.237088680598193546e-01 9.437293044088437277e-01 2.722662702962645453e-01 3.676516159070921663e-01
8.333726357836590548e-01 9.478594305064437231e-01 2.646441604560341720e-01 3.730589368028616182e-01
8.433300904514603458e-01 9.519716382329885818e-01 2.570090650696844059e-01 3.764953280021607895e-01
8.535973826517434526e-01 9.560661587986472032e-01 2.493560945521913486e-01 3.769778539990144006e-01
8.641906629730286005e-01 9.601432184835760886e-01 2.416778253561915890e-01 3.732975541461567848e-01
8.751260820038359034e-01 9.642030387838445016e-01 2.339701354760469476e-01 3.640059224800250015e-01
8.864197903326859196e-01 9.682458365518542553e-01 2.262241107966626863e-01 3.480457417998676362e-01
8.980938647820777554e-01 9.722718241315028154e-01 2.184405206551982004e-01 3.244730568214507782e-01
9.101984200782946566e-01 9.762812094883318581e-01 2.106145648862033370e-01 2.936279065519667997e-01
9.227918546437816616e-01 9.802741963348826637e-01 2.027460910658398230e-01 2.571094404763109575e-01
9.359325681281557285e-01 9.842509842514763907e-01 1.948345162088548077e-01 2.176791973929297352e-01
9.497502485468483080e-01 9.882117688026185176e-01 1.868857710271847883e-01 1.786000139017409616e-01
9.646846704203684286e-01 9.921567416492215186e-01 1.788951849360175816e-01 1.426581628954864955e-01
9.812598986930620715e-01 9.960860906568267392e-01 1.708388454479198570e-01 1.115781940959676005e-01
1.000000000000000000e+00 1.000000000000000000e+00 1.631019999999999970e-01 8.716333333333331490e-02
