# 1.rho_tor 2.rho_pol 3.Ti(keV) 4.ni(10^19m^-3)
#
0.000000000000000000e+00 0.000000000000000000e+00 1.302672999999999970e+00 2.921695927281530381e+00
5.743850543354890592e-02 8.838834764831882129e-02 1.296486762981762908e+00 2.905332708227625016e+00
8.173464529773108445e-02 1.249999999999997363e-01 1.290144854696854360e+00 2.890296866008876808e+00
1.001117722570662172e-01 1.530931089239486176e-01 1.283645283300317574e+00 2.876585880582322563e+00
1.155557900880957445e-01 1.767766952966370875e-01 1.276999579463606427e+00 2.864211628942842314e+00
1.292178929487707573e-01 1.976423537605235536e-01 1.270206368560153676e+00 2.853178604788871642e+00
1.415593010732134061e-01 2.165063509461096491e-01 1.263270526498860402e+00 2.843456858470009063e+00
1.528280418858896927e-01 2.338535866733714719e-01 1.256195393697514540e+00 2.835047520953327460e+00
1.632720797055191297e-01 2.499999999999998612e-01 1.248984523535940028e+00 2.827920427777068646e+00
1.731101217092323730e-01 2.651650429449552981e-01 1.241641463064006468e+00 2.822055887061644786e+00
1.824275361649524696e-01 2.795084971874738367e-01 1.234168772849032703e+00 2.817425063653107298e+00
1.912717262784867089e-01 2.931509849889642472e-01 1.226571165385633932e+00 2.814014947782356835e+00
1.996900925146574968e-01 3.061862178478972352e-01 1.218851370723766481e+00 2.811751955632912914e+00
2.077300353382865450e-01 3.186887195995491417e-01 1.211013355338461217e+00 2.810625875606762136e+00
2.154389552141958708e-01 3.307189138830737285e-01 1.203060033323212208e+00 2.810570988437961493e+00
2.228642526072077135e-01 3.423265984407288243e-01 1.194996403898321402e+00 2.811563071301107275e+00
2.300533279821438404e-01 3.535533905932738974e-01 1.186824471050744734e+00 2.813567785628975138e+00
2.370486791108928903e-01 3.644344934278311854e-01 1.178548641635701166e+00 2.816548834974081927e+00
2.438673240920662122e-01 3.750000000000000000e-01 1.170171983517473535e+00 2.820461979871845770e+00
2.505180295553092740e-01 3.852758751855611119e-01 1.161698103008208305e+00 2.825259979658908183e+00
2.570095579059227253e-01 3.952847075210473293e-01 1.153130312954344650e+00 2.830893602749803950e+00
2.633506715492079375e-01 4.050462936504912737e-01 1.144471850606699315e+00 2.837311827367916539e+00
2.695501328904652549e-01 4.145780987944250873e-01 1.135726705334132891e+00 2.844462208321267838e+00
2.756167043349959656e-01 4.238956239453292030e-01 1.126897338801567727e+00 2.852292898417817746e+00
2.815591482881004137e-01 4.330127018922192983e-01 1.117989369214934081e+00 2.860761392275396275e+00
2.873862271550797765e-01 4.419417382415922746e-01 1.109004430424833432e+00 2.869829034283107205e+00
2.931067033412346201e-01 4.506939094329985851e-01 1.099946431760926435e+00 2.879458457990209386e+00
2.987293392518660662e-01 4.592793267718459083e-01 1.090820122011130877e+00 2.889614206799491214e+00
3.042628972922747921e-01 4.677071733467426662e-01 1.081626969921713144e+00 2.900259444900237238e+00
3.097161398677615862e-01 4.759858191164942354e-01 1.072372510001819323e+00 2.911354408184879006e+00
3.150978293836274591e-01 4.841229182759271277e-01 1.063058854662993102e+00 2.922864097703434805e+00
3.204167282451729215e-01 4.921254921257381398e-01 1.053690275662405140e+00 2.934759063116999300e+00
3.256815988576990950e-01 4.999999999999999445e-01 1.044270197068298378e+00 2.947001741831990262e+00
3.309003303660053574e-01 5.077524002897475519e-01 1.034801995987122636e+00 2.959523956268639733e+00
3.360764412409512625e-01 5.153882032022075732e-01 1.025288431846701265e+00 2.972253579445047755e+00
3.412120853925261210e-01 5.229125165837971156e-01 1.015733683191368142e+00 2.985131606412898986e+00
3.463094162756936156e-01 5.303300858899105963e-01 1.006141009294082789e+00 2.998066892862899735e+00
3.513705873454167627e-01 5.376453291901641673e-01 9.965138872863529285e-01 3.010952873887086323e+00
3.563977520566591894e-01 5.448623679425841360e-01 9.868566078136722375e-01 3.023714444763423881e+00
3.613930638643841897e-01 5.519850541454904835e-01 9.771716042717741857e-01 3.036353008437460144e+00
3.663586762235551686e-01 5.590169943749474513e-01 9.674629943194532622e-01 3.048875420561058647e+00
3.712967425891355311e-01 5.659615711335884702e-01 9.577342149689469508e-01 3.061277084990854824e+00
3.762094164160887932e-01 5.728219618694799786e-01 9.479881638849856351e-01 3.073560424813805980e+00
3.810988511593781936e-01 5.796011559684814962e-01 9.382288175252276874e-01 3.085731371310191928e+00
3.859672002739672481e-01 5.863019699779286054e-01 9.284596591962932521e-01 3.097765186214209265e+00
3.908166172148192508e-01 5.929270612815711328e-01 9.186845284520174237e-01 3.109659943827685069e+00
3.956492554368976067e-01 5.994789404140898892e-01 9.089070173270137332e-01 3.121393784482720424e+00
4.004672683951657763e-01 6.059599821770410566e-01 8.991291298634737084e-01 3.132952715980445557e+00
4.052728095445871648e-01 6.123724356957944703e-01 8.893563307213414593e-01 3.144330535380006619e+00
4.100680323401251770e-01 6.187184335382290845e-01 8.795905881260658310e-01 3.155524205547938887e+00
4.148550902367428295e-01 6.250000000000000000e-01 8.698359779801047020e-01 3.166535293548530472e+00
4.196361366894043043e-01 6.312190586476298382e-01 8.600967416116838127e-01 3.177355151194847682e+00
4.244133251530722295e-01 6.373774391990980615e-01 8.503752410305140952e-01 3.187963060543196558e+00
4.291888090827103430e-01 6.434768838116874390e-01 8.406757310082748624e-01 3.198316211917029417e+00
4.339647419332820499e-01 6.495190528383290030e-01 8.310011577827693952e-01 3.208402870047099675e+00
4.387432771597507553e-01 6.555055301063447137e-01 8.213547666897770272e-01 3.218181281552304984e+00
4.435265682170796420e-01 6.614378277661475680e-01 8.117417494356653496e-01 3.227624597986598953e+00
4.483167685602324481e-01 6.673173907519569514e-01 8.021632515827834542e-01 3.236702713213236215e+00
4.531160316441723013e-01 6.731456008918129674e-01 7.926249140922917436e-01 3.245395264307775474e+00
4.579265109238626619e-01 6.789237807000134683e-01 7.831289283281241964e-01 3.253638925980539831e+00
4.627503598542669905e-01 6.846531968814576485e-01 7.736789343769407967e-01 3.261391439220935773e+00
4.675897318903486366e-01 6.903350635742038222e-01 7.642782251760986689e-01 3.268634213665959187e+00
4.724467804870709498e-01 6.959705453537526898e-01 7.549311208938271900e-01 3.275318479562482121e+00
4.773236590993974460e-01 7.015607600201140270e-01 7.456401351050335746e-01 3.281389510724990188e+00
4.822225211822913638e-01 7.071067811865475727e-01 7.364112976451636650e-01 3.286813570574406373e+00
4.871456454034019390e-01 7.126096406869611988e-01 7.272443628427572859e-01 3.291562621904096986e+00
4.920958918502955637e-01 7.180703308172535770e-01 7.181450102343241992e-01 3.295571948568472909e+00
4.970762892462516902e-01 7.234898064243890925e-01 7.091158261667197538e-01 3.298836910377851872e+00
5.020898663324058209e-01 7.288689868556625928e-01 7.001610068004964216e-01 3.301324261563298279e+00
5.071396518498937356e-01 7.342087577794206288e-01 6.912836700773745680e-01 3.303002406304824667e+00
5.122286745398505481e-01 7.395099728874520162e-01 6.824877249057491602e-01 3.303826875172076072e+00
5.173599631434120383e-01 7.447734554883115310e-01 6.737762073142409269e-01 3.303817491214944724e+00
5.225365464017137640e-01 7.500000000000000000e-01 6.651520250449260985e-01 3.302923944623151087e+00
5.277614530558909500e-01 7.551903733496607707e-01 6.566203118892139923e-01 3.301141193178611211e+00
5.330377118470795983e-01 7.603453162872774174e-01 6.481838800707824255e-01 3.298482111937892203e+00
5.383683515164146005e-01 7.654655446197431434e-01 6.398448687739941576e-01 3.294905451549529296e+00
5.437564008050317366e-01 7.705517503711220018e-01 6.316083135621461953e-01 3.290431186178221168e+00
5.492048884540667864e-01 7.756046028744285614e-01 6.234769324506739263e-01 3.285032931993232541e+00
5.547168432046549746e-01 7.806247497997997886e-01 6.154553326936610391e-01 3.278730139534754340e+00
5.602952937979318593e-01 7.856128181235334518e-01 6.075453440374463110e-01 3.271519947948473561e+00
5.659432689750328871e-01 7.905694150420948807e-01 5.997507977672638102e-01 3.263439524820756166e+00
5.716637974770939490e-01 7.954951288348659499e-01 5.920767150705106285e-01 3.254574895507150956e+00
5.774599080452498256e-01 8.003905296791060664e-01 5.845244924055860158e-01 3.244956757111558066e+00
5.833346294206367411e-01 8.052561704203203830e-01 5.770986291936985868e-01 3.234709118403050976e+00
5.892909903443899200e-01 8.100925873009825473e-01 5.698024737838468523e-01 3.223888558798832182e+00
5.953320195576445872e-01 8.149003006503311441e-01 5.626392848946658587e-01 3.212596944925817155e+00
6.014607458015367447e-01 8.196798155377500450e-01 5.556125058492393798e-01 3.200940167359043187e+00
6.076801978172016172e-01 8.244316223920574727e-01 5.487254770554647054e-01 3.188964764624641290e+00
6.139934043457748736e-01 8.291561975888499525e-01 5.419819385780404453e-01 3.176662080263797261e+00
6.204033941283919606e-01 8.338540040078958882e-01 5.353844911841123544e-01 3.164031488723948904e+00
6.269131959061884363e-01 8.385254915624211769e-01 5.289365731488078204e-01 3.151047494877120325e+00
6.335258384202996362e-01 8.431710977020026032e-01 5.226410407451073104e-01 3.137675541367229926e+00
6.402443504118610074e-01 8.477912478906585170e-01 5.165016041339147712e-01 3.123855696337800580e+00
6.470717606220086626e-01 8.523863560616159463e-01 5.105196512456406932e-01 3.109527583354245728e+00
6.540110977918773827e-01 8.569568250501304885e-01 5.046982426909026875e-01 3.094600834047707139e+00
6.610653906626030585e-01 8.615030470056388445e-01 4.990395594264488421e-01 3.078969046811509624e+00
6.682376679753211368e-01 8.660254037844385966e-01 4.935452885523119448e-01 3.062480706793615060e+00
6.755309533895138552e-01 8.705242673240074502e-01 4.882159624541823617e-01 3.044951502119917830e+00
6.829482486658157159e-01 8.750000000000000000e-01 4.830512874706171522e-01 3.026167933393170362e+00
6.904925496671580065e-01 8.794529549668930191e-01 4.780503464192376595e-01 3.005834557033701504e+00
6.981668522563876378e-01 8.838834764831844382e-01 4.732111890409468336e-01 2.983557412901975514e+00
7.059741522963517424e-01 8.882919002219934468e-01 4.685254792254975875e-01 2.958871384820323858e+00
7.139174456498971200e-01 8.926785535678563033e-01 4.639871784868047633e-01 2.931314977684397416e+00
7.219997281798715694e-01 8.970437559004577066e-01 4.595838521871075666e-01 2.900378561901175267e+00
7.302239957491214462e-01 9.013878188659972812e-01 4.552941152312072748e-01 2.865560760003673213e+00
7.385932442204938830e-01 9.057110466368398782e-01 4.510948577046977603e-01 2.826302269181882210e+00
7.471104694568366789e-01 9.100137361600647568e-01 4.469490377092013023e-01 2.781992014207804953e+00
7.557786673209964112e-01 9.142961773954870752e-01 4.428006918600531083e-01 2.732055423285077111e+00
7.646008336758201018e-01 9.185586535436918165e-01 4.385873060365658160e-01 2.675913181300728194e+00
7.735799643841551054e-01 9.228014412645875186e-01 4.342112495390921811e-01 2.613026574538886759e+00
7.827190553088479996e-01 9.270248108869578729e-01 4.295438979355455933e-01 2.542943204289232373e+00
7.920211023127468053e-01 9.312290266094587210e-01 4.244232404796558500e-01 2.465337880568479356e+00
8.014891012586975449e-01 9.354143466934853324e-01 4.186239283563543134e-01 2.380059755866390070e+00
8.111295090685418652e-01 9.395810236483067568e-01 4.118666987216554887e-01 2.287115184774456189e+00
8.209631522011034965e-01 9.437293044088437277e-01 4.037992424273816328e-01 2.186614217542265148e+00
8.310145857695451221e-01 9.478594305064438341e-01 3.939920099442524859e-01 2.078878743649259508e+00
8.413083648939001513e-01 9.519716382329885818e-01 3.819549508045292918e-01 1.964541889822678078e+00
8.518690446942042138e-01 9.560661587986472032e-01 3.671658655053012255e-01 1.844556036647639452e+00
8.627211802904906079e-01 9.601432184835759776e-01 3.491349991805745567e-01 1.720234397436936957e+00
8.738893268027942973e-01 9.642030387838445016e-01 3.275117055987539216e-01 1.593139422527424243e+00
8.853980393511492464e-01 9.682458365518542553e-01 3.022109155547367809e-01 1.465139046069498185e+00
8.972779671284761838e-01 9.722718241315028154e-01 2.735514724377269835e-01 1.338168205488129425e+00
9.095885913025784086e-01 9.762812094883317471e-01 2.423263423258128768e-01 1.213961664886274328e+00
9.223979113428256715e-01 9.802741963348826637e-01 2.097582240713906088e-01 1.094211318399324728e+00
9.357739279805122878e-01 9.842509842514762797e-01 1.773287673437307921e-01 9.805741098701374892e-01
9.498387997072275102e-01 9.882117688026185176e-01 1.465175733684880022e-01 8.742222098836923694e-01
9.649502576836818113e-01 9.921567416492215186e-01 1.185218097152671568e-01 7.748441957588892981e-01
9.815300684923123908e-01 9.960860906568266282e-01 9.409198683152956988e-02 6.826171544942689628e-01
1.000000000000000000e+00 1.000000000000000000e+00 7.384499999999999398e-02 5.986031718910375110e-01
