# 1.rho_tor 2.rho_pol 3.Tz(keV) 4.nz(10^19m^-3)
#
0.000000000000000000e+00 0.000000000000000000e+00 1.221635999999999944e+00 5.764854039061253488e-01
5.320527902240441975e-02 8.838834764831821067e-02 1.203267948167867862e+00 5.651362726553098570e-01
7.557542376373038717e-02 1.250000000000000000e-01 1.192116385886026197e+00 5.572884744403034940e-01
9.264725649654931283e-02 1.530931089239485066e-01 1.182299021182165788e+00 5.499163756128662151e-01
1.071389049935659171e-01 1.767766952966368932e-01 1.173149805109532151e+00 5.427832073443434879e-01
1.200633440837331062e-01 1.976423537605236092e-01 1.164479232985417001e+00 5.357584952683032142e-01
1.318336346140430160e-01 2.165063509461096769e-01 1.156192566961305346e+00 5.287661587114003137e-01
1.426774885086583566e-01 2.338535866733712498e-01 1.148236056329112298e+00 5.217863393861975618e-01
1.528225628278748194e-01 2.500000000000000000e-01 1.140579131537484470e+00 5.148168928097249797e-01
1.624689763563940681e-01 2.651650429449552426e-01 1.133202012025076977e+00 5.078641592579157260e-01
1.716913426713168322e-01 2.795084971874737256e-01 1.126079555729190718e+00 5.009295104403037602e-01
1.805285407466126479e-01 2.931509849889643027e-01 1.119188127769167096e+00 4.940135144106566623e-01
1.890194469762994933e-01 3.061862178478972907e-01 1.112508067832402192e+00 4.871178910405239426e-01
1.972029377543950412e-01 3.186887195995490307e-01 1.106021938299966534e+00 4.802446977019486085e-01
2.051178894749172699e-01 3.307189138830738395e-01 1.099716060482872626e+00 4.733985062675447608e-01
2.128031785318839075e-01 3.423265984407287688e-01 1.093579387663636826e+00 4.665804882978853985e-01
2.202976813193128491e-01 3.535533905932737864e-01 1.087601243206903101e+00 4.597980462426068393e-01
2.276362192528090245e-01 3.644344934278312409e-01 1.081771433580234199e+00 4.530480970327768753e-01
2.348325397124393921e-01 3.750000000000000555e-01 1.076081872808772433e+00 4.463341791742710951e-01
2.418935653537809816e-01 3.852758751855610009e-01 1.070525535262188521e+00 4.396635168805795302e-01
2.488262153384888375e-01 3.952847075210474403e-01 1.065096050540709438e+00 4.330365708266055158e-01
2.556374088282176715e-01 4.050462936504912181e-01 1.059786869767105788e+00 4.264582548973379628e-01
2.623340649846224171e-01 4.145780987944250318e-01 1.054592188103895323e+00 4.199318203551981599e-01
2.689231029693580077e-01 4.238956239453292585e-01 1.049507577885644194e+00 4.134612281091148422e-01
2.754114419440792383e-01 4.330127018922192428e-01 1.044527758235515469e+00 4.070459194115634838e-01
2.818060010704411811e-01 4.419417382415922191e-01 1.039648130726515518e+00 4.006863161525557882e-01
2.881136995100986309e-01 4.506939094329986961e-01 1.034864200756126618e+00 3.943851865437038029e-01
2.943414564247062715e-01 4.592793267718459083e-01 1.030172331103937466e+00 3.881479331161657442e-01
3.004961909759192862e-01 4.677071733467426107e-01 1.025570039021760138e+00 3.819774249607050809e-01
3.065848223253925808e-01 4.759858191164942909e-01 1.021049988414744814e+00 3.758779132303953774e-01
3.126142696347808392e-01 4.841229182759271277e-01 1.016596169251764215e+00 3.698495679798918800e-01
3.185914520657388560e-01 4.921254921257381953e-01 1.012188256409863207e+00 3.638976435267610166e-01
3.245232887799218702e-01 4.999999999999999445e-01 1.007805686914990062e+00 3.580192052702177441e-01
3.304159666647791815e-01 5.077524002897475519e-01 1.003427857222840558e+00 3.522162248207771906e-01
3.362720075710612377e-01 5.153882032022075732e-01 9.990342240648945049e-01 3.464906153094458041e-01
3.420927890944817085e-01 5.229125165837972267e-01 9.946059964410965959e-01 3.408417358899114014e-01
3.478796884491914265e-01 5.303300858899105963e-01 9.901242662207064837e-01 3.352716803921974575e-01
3.536340828493415578e-01 5.376453291901641673e-01 9.855691378857509566e-01 3.297831782642473564e-01
3.593573495090828795e-01 5.448623679425842470e-01 9.809231119567909385e-01 3.243781435025430704e-01
3.650508656425665577e-01 5.519850541454904835e-01 9.761672363024537225e-01 3.190583717002254960e-01
3.707160084639431474e-01 5.590169943749474513e-01 9.712827747106268506e-01 3.138260897728732957e-01
3.763541551873639257e-01 5.659615711335885813e-01 9.662520963940514074e-01 3.086844298698852573e-01
3.819666830269795588e-01 5.728219618694799786e-01 9.610579406739180319e-01 3.036358258867706272e-01
3.875549691969413235e-01 5.796011559684814962e-01 9.556823041202547886e-01 2.986832720973586208e-01
3.931203909113998862e-01 5.863019699779287164e-01 9.501066992620431639e-01 2.938297032757949956e-01
3.986643253845061907e-01 5.929270612815711328e-01 9.443151306815883439e-01 2.890755161752328606e-01
4.041881498304112919e-01 5.994789404140898892e-01 9.382900027549863076e-01 2.844263796611598005e-01
4.096932414632661335e-01 6.059599821770411676e-01 9.320132338188756860e-01 2.798829337837163700e-01
4.151809774972217149e-01 6.123724356957944703e-01 9.254685421294539527e-01 2.754519652768548377e-01
4.206527351464287579e-01 6.187184335382290845e-01 9.186395090871283253e-01 2.711308629944600979e-01
4.261098916250383173e-01 6.250000000000000000e-01 9.115076009520753919e-01 2.669263032311648409e-01
4.315538241472012815e-01 6.312190586476298382e-01 9.040577171909488507e-01 2.628387560660879751e-01
4.369859099270687053e-01 6.373774391990980615e-01 8.962723445656431975e-01 2.588733463874082208e-01
4.424075261787914770e-01 6.434768838116875500e-01 8.881354668984265954e-01 2.550294473286516816e-01
4.478200501165204850e-01 6.495190528383290030e-01 8.796493833235994320e-01 2.513101284867458318e-01
4.532248589544067285e-01 6.555055301063447137e-01 8.708290248952200718e-01 2.477203709796825526e-01
4.586233299066010405e-01 6.614378277661476790e-01 8.616889578517139547e-01 2.442638153340905005e-01
4.640168401872545312e-01 6.673173907519569514e-01 8.522446156600679279e-01 2.409394644027531285e-01
4.694067670105179779e-01 6.731456008918129674e-01 8.425105466320280678e-01 2.377499775369061874e-01
4.747944875905426021e-01 6.789237807000134683e-01 8.325017738264360867e-01 2.347018046840285699e-01
4.801813791414787924e-01 6.846531968814576485e-01 8.222332960606409946e-01 2.317956093414434149e-01
4.855688188774780478e-01 6.903350635742038222e-01 8.117200918511860985e-01 2.290359104150661851e-01
4.909581840126909791e-01 6.959705453537526898e-01 8.009764701045438695e-01 2.264237890321769697e-01
4.963508517612687521e-01 7.015607600201140270e-01 7.900166023514533231e-01 2.239618532256778816e-01
5.017481993373619220e-01 7.071067811865475727e-01 7.788560771191815890e-01 2.216530307126736155e-01
5.071515410358218290e-01 7.126096406869611988e-01 7.675074285716384503e-01 2.195031458061952323e-01
5.125618989883370391e-01 7.180703308172535770e-01 7.559859592323082689e-01 2.175114919842213723e-01
5.179802105872500784e-01 7.234898064243890925e-01 7.443046198534806202e-01 2.156846837086658641e-01
5.234074132159322046e-01 7.288689868556625928e-01 7.324793807644663923e-01 2.140221361737689731e-01
5.288444442577528992e-01 7.342087577794206288e-01 7.205227356798999949e-01 2.125287610667564997e-01
5.342922410960833091e-01 7.395099728874520162e-01 7.084496706163296853e-01 2.112067293641934074e-01
5.397517411142938037e-01 7.447734554883115310e-01 6.962736977196897215e-01 2.100592892039221116e-01
5.452238816957547529e-01 7.500000000000000000e-01 6.840083429350263255e-01 2.090912036582922851e-01
5.507096002238365262e-01 7.551903733496607707e-01 6.716683163603751616e-01 2.083002215738982421e-01
5.562098340819098263e-01 7.603453162872774174e-01 6.592667697120535575e-01 2.076916055801077687e-01
5.617255206533448009e-01 7.654655446197431434e-01 6.468188006884314500e-01 2.072717278821829268e-01
5.672575973215122636e-01 7.705517503711220018e-01 6.343361634437824081e-01 2.070410077837557816e-01
5.728070014697824730e-01 7.756046028744285614e-01 6.218345262234703519e-01 2.070011837279212841e-01
5.783746704815256878e-01 7.806247497997997886e-01 6.093274503917754936e-01 2.071563848773843586e-01
5.839615417401126107e-01 7.856128181235334518e-01 5.968277671593270606e-01 2.075084644735606665e-01
5.895685526289138334e-01 7.905694150420948807e-01 5.843492241247252306e-01 2.080608749818163017e-01
5.951970991273513034e-01 7.954951288348659499e-01 5.719063301171209979e-01 2.088201779669519031e-01
6.008506285956253246e-01 8.003905296791060664e-01 5.595122266041823167e-01 2.097851474978273956e-01
6.065331617557909727e-01 8.052561704203203830e-01 5.471818965203517626e-01 2.109609728278645513e-01
6.122487193564394303e-01 8.100925873009825473e-01 5.349274265145584906e-01 2.123471336388693953e-01
6.180013221461616579e-01 8.149003006503311441e-01 5.227640920094657195e-01 2.139510644415726914e-01
6.237949908735495042e-01 8.196798155377500450e-01 5.107048380606576954e-01 2.157744666061341965e-01
6.296337462871937074e-01 8.244316223920574727e-01 4.987637338659777209e-01 2.178201586164841275e-01
6.355216091356856722e-01 8.291561975888499525e-01 4.869533779156237641e-01 2.200927628080037723e-01
6.414626001676168032e-01 8.338540040078958882e-01 4.752882778867221214e-01 2.225922959430176595e-01
6.474607401315782829e-01 8.385254915624211769e-01 4.637813612371932681e-01 2.253226738038439925e-01
6.535200497761611826e-01 8.431710977020026032e-01 4.524461368578399645e-01 2.282889177105085765e-01
6.596445498499569071e-01 8.477912478906585170e-01 4.412979540152275892e-01 2.314925047488786414e-01
6.658382611015566388e-01 8.523863560616159463e-01 4.303498505938939678e-01 2.349356091184875983e-01
6.721052042795518933e-01 8.569568250501304885e-01 4.196151716699287326e-01 2.386203903259822567e-01
6.784494001325335200e-01 8.615030470056388445e-01 4.091085863010309187e-01 2.425525088842971633e-01
6.848748694090931455e-01 8.660254037844385966e-01 3.988440720441905341e-01 2.467348811975838274e-01
6.913862904239744811e-01 8.705242673240074502e-01 3.888344349452941273e-01 2.511686619271090160e-01
6.979911752037160078e-01 8.750000000000000000e-01 3.790948824351658142e-01 2.558562411644848544e-01
7.046977989379774598e-01 8.794529549668930191e-01 3.696333282236684559e-01 2.608032939342400103e-01
7.115144368272682263e-01 8.838834764831844382e-01 3.604415956557528444e-01 2.660069984210810534e-01
7.184493640720970298e-01 8.882919002219934468e-01 3.515081359202978373e-01 2.714748040197952905e-01
7.255108558729728152e-01 8.926785535678563033e-01 3.428198942370507263e-01 2.772048444742520878e-01
7.327071874304041943e-01 8.970437559004577066e-01 3.343640257398197702e-01 2.831971742358003752e-01
7.400466339449004449e-01 9.013878188659972812e-01 3.261286149588263350e-01 2.894492472193526122e-01
7.475379413739655643e-01 9.057110466368398782e-01 3.181008366749991101e-01 2.959573511939806445e-01
7.551921679739674875e-01 9.100137361600648678e-01 3.102675788569631554e-01 3.027125378042115345e-01
7.630210807885859925e-01 9.142961773954870752e-01 3.026137594932347130e-01 3.097008666339469696e-01
7.710364470466901654e-01 9.185586535436918165e-01 2.951266259363971578e-01 3.168961430584729677e-01
7.792500339771489815e-01 9.228014412645875186e-01 2.877916269307333463e-01 3.242590414622830708e-01
7.876736088088309717e-01 9.270248108869579839e-01 2.805975353309181908e-01 3.317214561122838745e-01
7.963189387706052225e-01 9.312290266094587210e-01 2.735290276674459120e-01 3.391840064625934459e-01
8.051977910913407088e-01 9.354143466934853324e-01 2.665742980141939111e-01 3.464956997406826167e-01
8.143226366914210201e-01 9.395810236483067568e-01 2.597187234000254419e-01 3.534238441184793800e-01
8.237088680598193546e-01 9.437293044088437277e-01 2.529499444257574114e-01 3.596274066509669853e-01
8.333726357836590548e-01 9.478594305064437231e-01 2.462555217883180547e-01 3.646064777278600344e-01
8.433300904514603458e-01 9.519716382329885818e-01 2.396293469647584606e-01 3.676579337608052445e-01
8.535973826517434526e-01 9.560661587986472032e-01 2.330667424952513334e-01 3.678369049589120254e-01
8.641906629730286005e-01 9.601432184835760886e-01 2.265601830641967573e-01 3.639867685457209845e-01
8.751260820038359034e-01 9.642030387838445016e-01 2.201037615198340458e-01 3.547281663267843332e-01
8.864197903326859196e-01 9.682458365518542553e-01 2.136867362061087849e-01 3.390734352372944960e-01
8.980938647820777554e-01 9.722718241315028154e-01 2.073046099982684132e-01 3.161484329279188876e-01
9.101984200782946566e-01 9.762812094883318581e-01 2.009468853494853213e-01 2.863157032197126139e-01
9.227918546437816616e-01 9.802741963348826637e-01 1.946059257352640293e-01 2.511263794444673070e-01
9.359325681281557285e-01 9.842509842514763907e-01 1.882731017059559586e-01 2.132079621191976804e-01
9.497502485468483080e-01 9.882117688026185176e-01 1.819435481507017949e-01 1.756295975106430263e-01
9.646846704203684286e-01 9.921567416492215186e-01 1.756027379675374755e-01 1.409944801800949721e-01
9.812598986930620715e-01 9.960860906568267392e-01 1.692232378166947659e-01 1.109195989633359192e-01
1.000000000000000000e+00 1.000000000000000000e+00 1.631019999999999970e-01 8.716333333333325939e-02
