# 1.rho_tor 2.rho_pol 3.Te(keV) 4.ne(10^19m^-3)
#
0.000000000000000000e+00 0.000000000000000000e+00 9.929379999999998763e-01 1.038044718710416348e+01
5.320527902240441975e-02 8.838834764831821067e-02 9.881126854156203621e-01 1.015993345916594492e+01
7.557542376373038717e-02 1.250000000000000000e-01 9.843099068718427214e-01 1.002788253447363154e+01
9.264725649654931283e-02 1.530931089239485066e-01 9.811946061278248310e-01 9.912648106043452145e+00
1.071389049935659171e-01 1.767766952966368932e-01 9.784286812854978699e-01 9.806964111356704095e+00
1.200633440837331062e-01 1.976423537605236092e-01 9.756913297637348492e-01 9.707905390435303872e+00
1.318336346140430160e-01 2.165063509461096769e-01 9.728842120471913324e-01 9.613941011292277850e+00
1.426774885086583566e-01 2.338535866733712498e-01 9.700562606856877323e-01 9.524158644808542462e+00
1.528225628278748194e-01 2.500000000000000000e-01 9.672205551803533252e-01 9.437919369119443402e+00
1.624689763563940681e-01 2.651650429449552426e-01 9.643492546646615926e-01 9.354790213442900182e+00
1.716913426713168322e-01 2.795084971874737256e-01 9.614252065140134196e-01 9.274422632171548386e+00
1.805285407466126479e-01 2.931509849889643027e-01 9.584470675943288498e-01 9.196556662378350566e+00
1.890194469762994933e-01 3.061862178478972907e-01 9.554121742380328186e-01 9.120984379381077645e+00
1.972029377543950412e-01 3.186887195995490307e-01 9.523148248557637974e-01 9.047529689340938930e+00
2.051178894749172699e-01 3.307189138830738395e-01 9.491498631079881010e-01 8.976074891668329059e+00
2.128031785318839075e-01 3.423265984407287688e-01 9.459129664274149585e-01 8.906477587463786705e+00
2.202976813193128491e-01 3.535533905932737864e-01 9.426004696283396544e-01 8.838648715301578918e+00
2.276362192528090245e-01 3.644344934278312409e-01 9.392087616667157413e-01 8.772485385333601116e+00
2.348325397124393921e-01 3.750000000000000555e-01 9.357335783973035337e-01 8.707898353563074068e+00
2.418935653537809816e-01 3.852758751855610009e-01 9.321710826377982428e-01 8.644837586363269821e+00
2.488262153384888375e-01 3.952847075210474403e-01 9.285185376351015041e-01 8.583223976257681187e+00
2.556374088282176715e-01 4.050462936504912181e-01 9.247720909533622136e-01 8.523012145134458706e+00
2.623340649846224171e-01 4.145780987944250318e-01 9.209276197015178189e-01 8.464131013798532166e+00
2.689231029693580077e-01 4.238956239453292585e-01 9.169820605652336809e-01 8.406551008518013290e+00
2.754114419440792383e-01 4.330127018922192428e-01 9.129318422612707762e-01 8.350218440151712329e+00
2.818060010704411811e-01 4.419417382415922191e-01 9.087734082796081747e-01 8.295096868185861894e+00
2.881136995100986309e-01 4.506939094329986961e-01 9.045034872056971764e-01 8.241136854284604851e+00
2.943414564247062715e-01 4.592793267718459083e-01 9.001176600312986720e-01 8.188324262660607644e+00
3.004961909759192862e-01 4.677071733467426107e-01 8.956124565772517476e-01 8.136616270397539097e+00
3.065848223253925808e-01 4.759858191164942909e-01 8.909844248221494567e-01 8.085983074395041825e+00
3.126142696347808392e-01 4.841229182759271277e-01 8.862292255124147866e-01 8.036384001349935247e+00
3.185914520657388560e-01 4.921254921257381953e-01 8.813432020986058379e-01 7.987809989604012451e+00
3.245232887799218702e-01 4.999999999999999445e-01 8.763226177368018677e-01 7.940221593211477469e+00
3.304159666647791815e-01 5.077524002897475519e-01 8.711628253066459049e-01 7.893591773893385621e+00
3.362720075710612377e-01 5.153882032022075732e-01 8.658613418746559098e-01 7.847905369491768646e+00
3.420927890944817085e-01 5.229125165837972267e-01 8.604208213505275538e-01 7.803132152994241011e+00
3.478796884491914265e-01 5.303300858899105963e-01 8.548446624281231809e-01 7.759248570137768475e+00
3.536340828493415578e-01 5.376453291901641673e-01 8.491354884037710660e-01 7.716240098035626716e+00
3.593573495090828795e-01 5.448623679425842470e-01 8.432975759870544596e-01 7.674085945216989835e+00
3.650508656425665577e-01 5.519850541454904835e-01 8.373344572049118417e-01 7.632760829023074400e+00
3.707160084639431474e-01 5.590169943749474513e-01 8.312488297081677135e-01 7.592246936388714396e+00
3.763541551873639257e-01 5.659615711335885813e-01 8.250423854800871259e-01 7.552532195502807078e+00
3.819666830269795588e-01 5.728219618694799786e-01 8.187191216380445002e-01 7.513594316927898475e+00
3.875549691969413235e-01 5.796011559684814962e-01 8.122809261948116255e-01 7.475416138012122680e+00
3.931203909113998862e-01 5.863019699779287164e-01 8.057302839807231054e-01 7.437985338609276909e+00
3.986643253845061907e-01 5.929270612815711328e-01 7.990692049392439378e-01 7.401273134445467861e+00
4.041881498304112919e-01 5.994789404140898892e-01 7.923005258099008463e-01 7.365280090287511960e+00
4.096932414632661335e-01 6.059599821770411676e-01 7.854254573732337708e-01 7.329976317832344712e+00
4.151809774972217149e-01 6.123724356957944703e-01 7.784464275640535780e-01 7.295368775751652102e+00
4.206527351464287579e-01 6.187184335382290845e-01 7.713641965739059803e-01 7.261410613596114061e+00
4.261098916250383173e-01 6.250000000000000000e-01 7.641819266774708685e-01 7.228112832516424113e+00
4.315538241472012815e-01 6.312190586476298382e-01 7.568998939887964239e-01 7.195447541727159724e+00
4.369859099270687053e-01 6.373774391990980615e-01 7.495203645282492166e-01 7.163413942564635484e+00
4.424075261787914770e-01 6.434768838116875500e-01 7.420445092529479592e-01 7.131981710327230495e+00
4.478200501165204850e-01 6.495190528383290030e-01 7.344729966745188188e-01 7.101143617707283084e+00
4.532248589544067285e-01 6.555055301063447137e-01 7.268077438020816849e-01 7.070893744601199238e+00
4.586233299066010405e-01 6.614378277661476790e-01 7.190491102865059769e-01 7.041219545135760427e+00
4.640168401872545312e-01 6.673173907519569514e-01 7.111986985862517319e-01 7.012094232530950322e+00
4.694067670105179779e-01 6.731456008918129674e-01 7.032575681120364353e-01 6.983506879540431811e+00
4.747944875905426021e-01 6.789237807000134683e-01 6.952253480710602895e-01 6.955459770054841506e+00
4.801813791414787924e-01 6.846531968814576485e-01 6.871040829570210784e-01 6.927926110933039894e+00
4.855688188774780478e-01 6.903350635742038222e-01 6.788935934629916069e-01 6.900904451126288031e+00
4.909581840126909791e-01 6.959705453537526898e-01 6.705949545254974442e-01 6.874372809677207208e+00
4.963508517612687521e-01 7.015607600201140270e-01 6.622084046954210823e-01 6.848322003245144174e+00
5.017481993373619220e-01 7.071067811865475727e-01 6.537342250036569657e-01 6.822734640457952970e+00
5.071515410358218290e-01 7.126096406869611988e-01 6.451736307422977212e-01 6.797609219585726947e+00
5.125618989883370391e-01 7.180703308172535770e-01 6.365249299520564508e-01 6.772925740594282651e+00
5.179802105872500784e-01 7.234898064243890925e-01 6.277893523072179960e-01 6.748678584799215230e+00
5.234074132159322046e-01 7.288689868556625928e-01 6.189674425833838756e-01 6.724848895943254412e+00
5.288444442577528992e-01 7.342087577794206288e-01 6.100587721726380419e-01 6.701433375558241146e+00
5.342922410960833091e-01 7.395099728874520162e-01 6.010635947383989874e-01 6.678407719189490166e+00
5.397517411142938037e-01 7.447734554883115310e-01 5.919808416232893444e-01 6.655767324353117687e+00
5.452238816957547529e-01 7.500000000000000000e-01 5.828105194323174310e-01 6.633507459598311229e+00
5.507096002238365262e-01 7.551903733496607707e-01 5.735537811596278512e-01 6.611599256765463117e+00
5.562098340819098263e-01 7.603453162872774174e-01 5.642092224783100685e-01 6.590037511283057370e+00
5.617255206533448009e-01 7.654655446197431434e-01 5.547835855248766102e-01 6.568823797005168608e+00
5.672575973215122636e-01 7.705517503711220018e-01 5.452957140988256013e-01 6.547934640818575680e+00
5.728070014697824730e-01 7.756046028744285614e-01 5.357602059250665683e-01 6.527358162134810904e+00
5.783746704815256878e-01 7.806247497997997886e-01 5.261971942317061890e-01 6.507087683155616809e+00
5.839615417401126107e-01 7.856128181235334518e-01 5.166206485915356694e-01 6.487101925663310453e+00
5.895685526289138334e-01 7.905694150420948807e-01 5.070509824482608563e-01 6.467394344587823696e+00
5.951970991273513034e-01 7.954951288348659499e-01 4.975033224547748545e-01 6.447961916934178639e+00
6.008506285956253246e-01 8.003905296791060664e-01 4.879959943721520199e-01 6.428789393427854826e+00
6.065331617557909727e-01 8.052561704203203830e-01 4.785466916630034540e-01 6.409855323758947954e+00
6.122487193564394303e-01 8.100925873009825473e-01 4.691706437673680008e-01 6.391148332238196339e+00
6.180013221461616579e-01 8.149003006503311441e-01 4.598874721464878967e-01 6.372658502243391254e+00
6.237949908735495042e-01 8.196798155377500450e-01 4.507133836859681386e-01 6.354375070331428788e+00
6.296337462871937074e-01 8.244316223920574727e-01 4.416652876885120982e-01 6.336290192412852740e+00
6.355216091356856722e-01 8.291561975888499525e-01 4.327618024381963968e-01 6.318383761499901219e+00
6.414626001676168032e-01 8.338540040078958882e-01 4.240197219538068274e-01 6.300635660772755386e+00
6.474607401315782829e-01 8.385254915624211769e-01 4.154573212139477945e-01 6.283040034131509799e+00
6.535200497761611826e-01 8.431710977020026032e-01 4.070920766240736510e-01 6.265588973825447106e+00
6.596445498499569071e-01 8.477912478906585170e-01 3.989415899159710621e-01 6.248262214367795941e+00
6.658382611015566388e-01 8.523863560616159463e-01 3.910258789715350680e-01 6.231046829330786352e+00
6.721052042795518933e-01 8.569568250501304885e-01 3.833636320161028510e-01 6.213927657008196270e+00
6.784494001325335200e-01 8.615030470056388445e-01 3.759725966657538887e-01 6.196895938754236610e+00
6.848748694090931455e-01 8.660254037844385966e-01 3.688727039815762887e-01 6.179950584928521451e+00
6.913862904239744811e-01 8.705242673240074502e-01 3.620822837990326226e-01 6.163058692057436616e+00
6.979911752037160078e-01 8.750000000000000000e-01 3.556220923672652745e-01 6.146213345046621868e+00
7.046977989379774598e-01 8.794529549668930191e-01 3.495121819493726689e-01 6.129406553048792894e+00
7.115144368272682263e-01 8.838834764831844382e-01 3.437716791761719626e-01 6.112615766377702542e+00
7.184493640720970298e-01 8.882919002219934468e-01 3.384223002427436122e-01 6.095832152314210717e+00
7.255108558729728152e-01 8.926785535678563033e-01 3.334860902107775749e-01 6.079048359151369318e+00
7.327071874304041943e-01 8.970437559004577066e-01 3.289853108761411904e-01 6.062250904214466551e+00
7.400466339449004449e-01 9.013878188659972812e-01 3.249417044657728071e-01 6.045422174554961892e+00
7.475379413739655643e-01 9.057110466368398782e-01 3.213789532022493511e-01 6.028561162904873427e+00
7.551921679739674875e-01 9.100137361600648678e-01 3.183316921503819286e-01 6.011660010803163701e+00
7.630210807885859925e-01 9.142961773954870752e-01 3.157725380761086109e-01 5.994702799390256409e+00
7.710364470466901654e-01 9.185586535436918165e-01 3.138271781751493794e-01 5.977677481319298103e+00
7.792500339771489815e-01 9.228014412645875186e-01 3.127650382909421545e-01 5.960562230487560953e+00
7.876736088088309717e-01 9.270248108869579839e-01 3.123359591665428869e-01 5.943314600300332096e+00
7.963189387706052225e-01 9.312290266094587210e-01 3.121372733767734386e-01 5.925855795700852191e+00
8.051977910913407088e-01 9.354143466934853324e-01 3.117661508976604101e-01 5.908035451701779017e+00
8.143226366914210201e-01 9.395810236483067568e-01 3.107622783523593113e-01 5.889565974492163569e+00
8.237088680598193546e-01 9.437293044088437277e-01 3.077994579794932073e-01 5.869904015184013168e+00
8.333726357836590548e-01 9.478594305064437231e-01 3.014320981889267448e-01 5.848049065877687802e+00
8.433300904514603458e-01 9.519716382329885818e-01 2.905719598197696318e-01 5.822219783292235107e+00
8.535973826517434526e-01 9.560661587986472032e-01 2.753690883488889019e-01 5.789282516898272668e+00
8.641906629730286005e-01 9.601432184835760886e-01 2.566618715094725611e-01 5.743932237506223615e+00
8.751260820038359034e-01 9.642030387838445016e-01 2.353066434283873909e-01 5.677604532038852625e+00
8.864197903326859196e-01 9.682458365518542553e-01 2.121627378127331209e-01 5.577330225988753831e+00
8.980938647820777554e-01 9.722718241315028154e-01 1.880277676871384140e-01 5.425470252101726842e+00
9.101984200782946566e-01 9.762812094883318581e-01 1.635415733325464860e-01 5.202172466663740558e+00
9.227918546437816616e-01 9.802741963348826637e-01 1.393056038935485963e-01 4.892327764102132548e+00
9.359325681281557285e-01 9.842509842514763907e-01 1.159094755867616788e-01 4.496568540187612761e+00
9.497502485468483080e-01 9.882117688026185176e-01 9.393219360507293336e-02 4.039269622808848936e+00
9.646846704203684286e-01 9.921567416492215186e-01 7.389691493802874600e-02 3.562465820410768647e+00
9.812598986930620715e-01 9.960860906568267392e-01 5.628221080485690947e-02 3.108623688810849384e+00
1.000000000000000000e+00 1.000000000000000000e+00 4.223600000000000271e-02 2.724739999999999718e+00
