# 1.rho_tor 2.rho_pol 3.Tz(keV) 4.nz(10^19m^-3)
#
0.000000000000000000e+00 0.000000000000000000e+00 9.888840000000002073e-01 4.792704894258995041e-02
5.626367770955685577e-02 8.838834764831837720e-02 9.871778247740639056e-01 5.041835163522334629e-02
8.000803265825813526e-02 1.249999999999999029e-01 9.854392553550468392e-01 5.264178874903019389e-02
9.800706539993418731e-02 1.530931089239485066e-01 9.836348583275117408e-01 5.460947320136062128e-02
1.132642571983274588e-01 1.767766952966367544e-01 9.817341545691670168e-01 5.633185439320705784e-02
1.268442891172583409e-01 1.976423537605238034e-01 9.797034128708465017e-01 5.781849932705941664e-02
1.391826926263355357e-01 2.165063509461097324e-01 9.775105656773277474e-01 5.908123648190204136e-02
1.505206405508532352e-01 2.338535866733713608e-01 9.751230789926315090e-01 6.013418493806700627e-02
1.610992481853316671e-01 2.500000000000000000e-01 9.725089835267102245e-01 6.098380322805774245e-02
1.711305254641022067e-01 2.651650429449552981e-01 9.696362058221157376e-01 6.164554929918825837e-02
1.806938351533607934e-01 2.795084971874736701e-01 9.664721025502928109e-01 6.212621057230834076e-02
1.898307719138962735e-01 2.931509849889643027e-01 9.629838332040661086e-01 6.244135219063767089e-02
1.985829276797321519e-01 3.061862178478973462e-01 9.591387496453795958e-01 6.259769627343052256e-02
2.069918943848916004e-01 3.186887195995491417e-01 9.549045950001572303e-01 6.260999076147390208e-02
2.150992639633979853e-01 3.307189138830738395e-01 9.502492239266302487e-01 6.248710716757784056e-02
2.229466283492745893e-01 3.423265984407288243e-01 9.451402217265740813e-01 6.224199281580686943e-02
2.305755794765448896e-01 3.535533905932737864e-01 9.395459481915393596e-01 6.188261011113097010e-02
2.380233981705761337e-01 3.644344934278312964e-01 9.334340767503455094e-01 6.142270362803103900e-02
2.453049600925721052e-01 3.749999999999999445e-01 9.267701855813176293e-01 6.087103838495579872e-02
2.524278850996787837e-01 3.852758751855611119e-01 9.195241218477756551e-01 6.024087550637451105e-02
2.593997893344279770e-01 3.952847075210473293e-01 9.116620858171636810e-01 5.954349350629484922e-02
2.662282889393524643e-01 4.050462936504912737e-01 9.031507083680838655e-01 5.878963078326462921e-02
2.729210000569840533e-01 4.145780987944250318e-01 8.939593016591292907e-01 5.798893275223326871e-02
2.794855388298551069e-01 4.238956239453292585e-01 8.840579682473727052e-01 5.715313729113920271e-02
2.859295214004978769e-01 4.330127018922192983e-01 8.734137229153650095e-01 5.629463207832548222e-02
2.922605639114445597e-01 4.419417382415922191e-01 8.619809948904354480e-01 5.542173009431988762e-02
2.984862825052275181e-01 4.506939094329986406e-01 8.497442800108448990e-01 5.454723250726283695e-02
3.046142933243788375e-01 4.592793267718458528e-01 8.367598739014914244e-01 5.368364031719342205e-02
3.106522125114308808e-01 4.677071733467427217e-01 8.231480311589561838e-01 5.283898787786683177e-02
3.166076562089155666e-01 4.759858191164942354e-01 8.090738882092469719e-01 5.202612844763108285e-02
3.224882405593653689e-01 4.841229182759271277e-01 7.946851983424290111e-01 5.125922489443805741e-02
3.283015817053127616e-01 4.921254921257381953e-01 7.801294051549919617e-01 5.055221748570466744e-02
3.340552957892894415e-01 5.000000000000000000e-01 7.655596203661209076e-01 4.991161912900211883e-02
3.397562419415552371e-01 5.077524002897475519e-01 7.511241524097478361e-01 4.934347684005915141e-02
3.454074904414968783e-01 5.153882032022075732e-01 7.369738632283273638e-01 4.885317868607774727e-02
3.510109286576470478e-01 5.229125165837972267e-01 7.232572371356632557e-01 4.844467249684070165e-02
3.565684435640850691e-01 5.303300858899105963e-01 7.101242802430141055e-01 4.812733120129146502e-02
3.620819221348907102e-01 5.376453291901642784e-01 6.977327838141265115e-01 4.790535101341832080e-02
3.675532513441435167e-01 5.448623679425842470e-01 6.862111496752848483e-01 4.777933295002255443e-02
3.729843181659229234e-01 5.519850541454904835e-01 6.757126902203599572e-01 4.774517690186765029e-02
3.783770095743086981e-01 5.590169943749474513e-01 6.664801826832070786e-01 4.779974226816422617e-02
3.837332125433801644e-01 5.659615711335885813e-01 6.586973434063477795e-01 4.794529374277836653e-02
3.890548140472170346e-01 5.728219618694799786e-01 6.524379758217229153e-01 4.818289029880968438e-02
3.943437010598988546e-01 5.796011559684813852e-01 6.477644788613485805e-01 4.851160814747169925e-02
3.996017605555050034e-01 5.863019699779287164e-01 6.447401676139664639e-01 4.893215539151080096e-02
4.048308795081151934e-01 5.929270612815711328e-01 6.434401770945165078e-01 4.944417607327006303e-02
4.100329448918090258e-01 5.994789404140898892e-01 6.439416558635785437e-01 5.004781861133803661e-02
4.152098436806659909e-01 6.059599821770411676e-01 6.462761025112000457e-01 5.074485185741878235e-02
4.203634628487655789e-01 6.123724356957944703e-01 6.502331065787280151e-01 5.153241851352077102e-02
4.254956893701873910e-01 6.187184335382290845e-01 6.554282177207031435e-01 5.241478136104673474e-02
4.306084102190111951e-01 6.250000000000000000e-01 6.614490392625188564e-01 5.338776636549638632e-02
4.357035123693162593e-01 6.312190586476298382e-01 6.680224020939423690e-01 5.445381817131485919e-02
4.407828827951822404e-01 6.373774391990980615e-01 6.749486460409162003e-01 5.560308235417545791e-02
4.458484084706886286e-01 6.434768838116875500e-01 6.819624601670948305e-01 5.683300191162299342e-02
4.509019763699150807e-01 6.495190528383290030e-01 6.886734015809904408e-01 5.813577314008037261e-02
4.559454734669411979e-01 6.555055301063447137e-01 6.946827883325060737e-01 5.950621627850478934e-02
4.609807867358463596e-01 6.614378277661476790e-01 6.997345731959332404e-01 6.093642332315033633e-02
4.660098031507102223e-01 6.673173907519569514e-01 7.037463813675364221e-01 6.242366205447755223e-02
4.710344096856124430e-01 6.731456008918129674e-01 7.066407445737207249e-01 6.395807944042809778e-02
4.760564933146325117e-01 6.789237807000134683e-01 7.083370366002816887e-01 6.553400466211976860e-02
4.810779410118498078e-01 6.846531968814576485e-01 7.087543219645200399e-01 6.714492915460613942e-02
4.861006397513440991e-01 6.903350635742038222e-01 7.078121544728929182e-01 6.878583332672374984e-02
4.911264765071948757e-01 6.959705453537526898e-01 7.054631712666333820e-01 7.045080784306284594e-02
4.961573382534816834e-01 7.015607600201140270e-01 7.017292693050176666e-01 7.213249422755471651e-02
5.011951119642841235e-01 7.071067811865475727e-01 6.967510182461902346e-01 7.382286015618635955e-02
5.062416557174810317e-01 7.126096406869611988e-01 6.906889737256571848e-01 7.552018352302612703e-02
5.112986934126425576e-01 7.180703308172535770e-01 6.836255882732167333e-01 7.721414282380548166e-02
5.163679100321042492e-01 7.234898064243890925e-01 6.755862309139604172e-01 7.890144427712607322e-02
5.214509905540808399e-01 7.288689868556625928e-01 6.666175799648951239e-01 8.057811846035101144e-02
5.265496199567877289e-01 7.342087577794206288e-01 6.567920346230146089e-01 8.224737263808593046e-02
5.316654832184396495e-01 7.395099728874520162e-01 6.461753435306788473e-01 8.391076916072720548e-02
5.368002653172517791e-01 7.447734554883115310e-01 6.348245370402747501e-01 8.557383282293595794e-02
5.419556512314391838e-01 7.500000000000000000e-01 6.228030039186795985e-01 8.723677841549257184e-02
5.471333259392169301e-01 7.551903733496607707e-01 6.101726514888211605e-01 8.890487653173698157e-02
5.523349744187997512e-01 7.603453162872774174e-01 5.969961577837537003e-01 9.057572284360976278e-02
5.575622816484030464e-01 7.654655446197431434e-01 5.833343386407153774e-01 9.225787187409167922e-02
5.628169326062416600e-01 7.705517503711220018e-01 5.692503855162941440e-01 9.395275159417869337e-02
5.681006122705305472e-01 7.756046028744285614e-01 5.548046210434093295e-01 9.566093155533440806e-02
5.734150056194848855e-01 7.806247497997997886e-01 5.400597254055169438e-01 9.738714146943590333e-02
5.787617976313197410e-01 7.856128181235334518e-01 5.250772502327735181e-01 9.913271881199779700e-02
5.841426732842498470e-01 7.905694150420948807e-01 5.099196384458247744e-01 1.009031884180094929e-01
5.895596002443396211e-01 7.954951288348659499e-01 4.946486469533057373e-01 1.026985676146630611e-01
5.950158106901071164e-01 8.003905296791060664e-01 4.793258599031483547e-01 1.045239006841842261e-01
6.005148902318744319e-01 8.052561704203203830e-01 4.640135902735400553e-01 1.063812186171181617e-01
6.060604244963206932e-01 8.100925873009825473e-01 4.487734786355956906e-01 1.082743088930507303e-01
6.116559991101250260e-01 8.149003006503311441e-01 4.336674582070187967e-01 1.102079573205674567e-01
6.173051996999665558e-01 8.196798155377500450e-01 4.187571356718345905e-01 1.121880387300042137e-01
6.230116118925238533e-01 8.244316223920574727e-01 4.041047094067836132e-01 1.142219611100730725e-01
6.287788213144769323e-01 8.291561975888499525e-01 3.897721146163205530e-01 1.163135823272614666e-01
6.346104135925042522e-01 8.338540040078958882e-01 3.758199126482447139e-01 1.184697177673917634e-01
6.405099743532852719e-01 8.385254915624211769e-01 3.623099627831145586e-01 1.206971087500047640e-01
6.464810892234991169e-01 8.431710977020026032e-01 3.492717213280402411e-01 1.230042864051837659e-01
6.525273438298244688e-01 8.477912478906585170e-01 3.366967649434512433e-01 1.253931512314557795e-01
6.586523237989408974e-01 8.523863560616159463e-01 3.245754765587277046e-01 1.278734082444158149e-01
6.648596147575275284e-01 8.569568250501304885e-01 3.128996208048326899e-01 1.304513074632710767e-01
6.711528023322633763e-01 8.615030470056388445e-01 3.016591707848527149e-01 1.331331319448322004e-01
6.775354721498271227e-01 8.660254037844385966e-01 2.908449296827519959e-01 1.359225794255486952e-01
6.840122198123366193e-01 8.705242673240074502e-01 2.804475270793226338e-01 1.388318772067452245e-01
6.905919933042498071e-01 8.750000000000000000e-01 2.704579217380503331e-01 1.418644611038310244e-01
6.972849127749924936e-01 8.794529549668930191e-01 2.608659879699413708e-01 1.450295381384002213e-01
7.041010983906541565e-01 8.838834764831844382e-01 2.516628443018953942e-01 1.483203507317734093e-01
7.110506703173233856e-01 8.882919002219934468e-01 2.428395973214806380e-01 1.517023259362720589e-01
7.181437487210895476e-01 8.926785535678563033e-01 2.343852687367931620e-01 1.551402860816307461e-01
7.253904537680411213e-01 8.970437559004577066e-01 2.262912060840843453e-01 1.585861536645469527e-01
7.328009056242676955e-01 9.013878188659972812e-01 2.185482635737698021e-01 1.620045479723355997e-01
7.403852244558580820e-01 9.057110466368398782e-01 2.111467365204364455e-01 1.653540139771673412e-01
7.481535304289012034e-01 9.100137361600647568e-01 2.040772403293703852e-01 1.685933740016807847e-01
7.561159437094862046e-01 9.142961773954870752e-01 1.973301384211462728e-01 1.716817189451416703e-01
7.642825844637021193e-01 9.185586535436918165e-01 1.908964701120608731e-01 1.745763360815104082e-01
7.726635728576380924e-01 9.228014412645875186e-01 1.847660622439624423e-01 1.772315581371176063e-01
7.812690290573828245e-01 9.270248108869578729e-01 1.789302467143566722e-01 1.796080929023071426e-01
7.901090732290252383e-01 9.312290266094587210e-01 1.733789578812560406e-01 1.816562963859178759e-01
7.991938255386549228e-01 9.354143466934853324e-01 1.681035843976978750e-01 1.833336274434934077e-01
8.085371067748903240e-01 9.395810236483067568e-01 1.630953569331595743e-01 1.845745348455579693e-01
8.181681018771470582e-01 9.437293044088437277e-01 1.583437159420636176e-01 1.853078984718989908e-01
8.281199825248178881e-01 9.478594305064438341e-01 1.538396748187068064e-01 1.854564481043340096e-01
8.384259204046415892e-01 9.519716382329885818e-01 1.495740313800978105e-01 1.849418897670335182e-01
8.491190872033587134e-01 9.560661587986472032e-01 1.455366818361321368e-01 1.836846687461119176e-01
8.602326546077075919e-01 9.601432184835759776e-01 1.417190836282069821e-01 1.815794594110630711e-01
8.717997943044295539e-01 9.642030387838445016e-01 1.381113629159907707e-01 1.785798127039197047e-01
8.838536779802629306e-01 9.682458365518542553e-01 1.347034575784945842e-01 1.743626526177889102e-01
8.964123462880972948e-01 9.722718241315028154e-01 1.314874474177845365e-01 1.679122845573446376e-01
9.094222526851936106e-01 9.762812094883318581e-01 1.284514550696893298e-01 1.579287296224848591e-01
9.228087004535907578e-01 9.802741963348826637e-01 1.255890414863235771e-01 1.426819371024933558e-01
9.364969897420839517e-01 9.842509842514763907e-01 1.228876022982923338e-01 1.211105609529412874e-01
9.505183234705538720e-01 9.882117688026185176e-01 1.203418316840285940e-01 9.489930506573564239e-02
9.653645550421513510e-01 9.921567416492215186e-01 1.179435696309327486e-01 6.901368058893728175e-02
9.816527559002773407e-01 9.960860906568266282e-01 1.156801490580572356e-01 4.830901566909225064e-02
1.000000000000000000e+00 1.000000000000000000e+00 1.135869999999999935e-01 3.444333333333336744e-02
