# 1.rho_tor 2.rho_pol 3.Ti(keV) 4.ni(10^19m^-3)
#
0.000000000000000000e+00 0.000000000000000000e+00 9.888840000000002073e-01 4.164448035475411203e+00
5.626367770955685577e-02 8.838834764831837720e-02 9.871778247740639056e-01 4.143882239865234851e+00
8.000803265825813526e-02 1.249999999999999029e-01 9.854392553550468392e-01 4.124973534607870640e+00
9.800706539993418731e-02 1.530931089239485066e-01 9.836348583275117408e-01 4.107676939092740120e+00
1.132642571983274588e-01 1.767766952966367544e-01 9.817341545691670168e-01 4.091957832878971857e+00
1.268442891172583409e-01 1.976423537605238034e-01 9.797034128708465017e-01 4.077750533256146781e+00
1.391826926263355357e-01 2.165063509461097324e-01 9.775105656773277474e-01 4.064985048508915177e+00
1.505206405508532352e-01 2.338535866733713608e-01 9.751230789926315090e-01 4.053582761476270058e+00
1.610992481853316671e-01 2.500000000000000000e-01 9.725089835267102245e-01 4.043500513651294703e+00
1.711305254641022067e-01 2.651650429449552981e-01 9.696362058221157376e-01 4.034657482135335371e+00
1.806938351533607934e-01 2.795084971874736701e-01 9.664721025502928109e-01 4.026999192854978205e+00
1.898307719138962735e-01 2.931509849889643027e-01 9.629838332040661086e-01 4.020446194790310734e+00
1.985829276797321519e-01 3.061862178478973462e-01 9.591387496453795958e-01 4.014948124027537979e+00
2.069918943848916004e-01 3.186887195995491417e-01 9.549045950001572303e-01 4.010431940520590821e+00
2.150992639633979853e-01 3.307189138830738395e-01 9.502492239266302487e-01 4.006823469316764808e+00
2.229466283492745893e-01 3.423265984407288243e-01 9.451402217265740813e-01 4.004068756289532516e+00
2.305755794765448896e-01 3.535533905932737864e-01 9.395459481915393596e-01 4.002103699819763882e+00
2.380233981705761337e-01 3.644344934278312964e-01 9.334340767503455094e-01 4.000861842111076427e+00
2.453049600925721052e-01 3.749999999999999445e-01 9.267701855813176293e-01 4.000276249708023535e+00
2.524278850996787837e-01 3.852758751855611119e-01 9.195241218477756551e-01 4.000280037689501356e+00
2.593997893344279770e-01 3.952847075210473293e-01 9.116620858171636810e-01 4.000806183543593519e+00
2.662282889393524643e-01 4.050462936504912737e-01 9.031507083680838655e-01 4.001788132212239724e+00
2.729210000569840533e-01 4.145780987944250318e-01 8.939593016591292907e-01 4.003161354596064925e+00
2.794855388298551069e-01 4.238956239453292585e-01 8.840579682473727052e-01 4.004861753063774010e+00
2.859295214004978769e-01 4.330127018922192983e-01 8.734137229153650095e-01 4.006826233925732339e+00
2.922605639114445597e-01 4.419417382415922191e-01 8.619809948904354480e-01 4.008991779578312098e+00
2.984862825052275181e-01 4.506939094329986406e-01 8.497442800108448990e-01 4.011287571074477754e+00
3.046142933243788375e-01 4.592793267718458528e-01 8.367598739014914244e-01 4.013639603548410761e+00
3.106522125114308808e-01 4.677071733467427217e-01 8.231480311589561838e-01 4.015995919838518446e+00
3.166076562089155666e-01 4.759858191164942354e-01 8.090738882092469719e-01 4.018295437124793423e+00
3.224882405593653689e-01 4.841229182759271277e-01 7.946851983424290111e-01 4.020440834045706957e+00
3.283015817053127616e-01 4.921254921257381953e-01 7.801294051549919617e-01 4.022353958722630018e+00
3.340552957892894415e-01 5.000000000000000000e-01 7.655596203661209076e-01 4.023997643149138881e+00
3.397562419415552371e-01 5.077524002897475519e-01 7.511241524097478361e-01 4.025338678679333704e+00
3.454074904414968783e-01 5.153882032022075732e-01 7.369738632283273638e-01 4.026343802966516172e+00
3.510109286576470478e-01 5.229125165837972267e-01 7.232572371356632557e-01 4.026979352008312141e+00
3.565684435640850691e-01 5.303300858899105963e-01 7.101242802430141055e-01 4.027212249339261696e+00
3.620819221348907102e-01 5.376453291901642784e-01 6.977327838141265115e-01 4.027010336861501116e+00
3.675532513441435167e-01 5.448623679425842470e-01 6.862111496752848483e-01 4.026370638473918184e+00
3.729843181659229234e-01 5.519850541454904835e-01 6.757126902203599572e-01 4.025318591506729327e+00
3.783770095743086981e-01 5.590169943749474513e-01 6.664801826832070786e-01 4.023872988445854837e+00
3.837332125433801644e-01 5.659615711335885813e-01 6.586973434063477795e-01 4.022027538465729357e+00
3.890548140472170346e-01 5.728219618694799786e-01 6.524379758217229153e-01 4.019779570740383612e+00
3.943437010598988546e-01 5.796011559684813852e-01 6.477644788613485805e-01 4.017132281390011883e+00
3.996017605555050034e-01 5.863019699779287164e-01 6.447401676139664639e-01 4.014081444704624246e+00
4.048308795081151934e-01 5.929270612815711328e-01 6.434401770945165078e-01 4.010633098627818249e+00
4.100329448918090258e-01 5.994789404140898892e-01 6.439416558635785437e-01 4.006790683012139809e+00
4.152098436806659909e-01 6.059599821770411676e-01 6.462761025112000457e-01 4.002547268600407548e+00
4.203634628487655789e-01 6.123724356957944703e-01 6.502331065787280151e-01 3.997921446519429267e+00
4.254956893701873910e-01 6.187184335382290845e-01 6.554282177207031435e-01 3.992888704635406683e+00
4.306084102190111951e-01 6.250000000000000000e-01 6.614490392625188564e-01 3.987475156565067902e+00
4.357035123693162593e-01 6.312190586476298382e-01 6.680224020939423690e-01 3.981667326284190622e+00
4.407828827951822404e-01 6.373774391990980615e-01 6.749486460409162003e-01 3.975525547774494406e+00
4.458484084706886286e-01 6.434768838116875500e-01 6.819624601670948305e-01 3.969066622506212560e+00
4.509019763699150807e-01 6.495190528383290030e-01 6.886734015809904408e-01 3.962338785948833930e+00
4.559454734669411979e-01 6.555055301063447137e-01 6.946827883325060737e-01 3.955375336650298834e+00
4.609807867358463596e-01 6.614378277661476790e-01 6.997345731959332404e-01 3.948226525367182660e+00
4.660098031507102223e-01 6.673173907519569514e-01 7.037463813675364221e-01 3.940911588434559576e+00
4.710344096856124430e-01 6.731456008918129674e-01 7.066407445737207249e-01 3.933489174108741437e+00
4.760564933146325117e-01 6.789237807000134683e-01 7.083370366002816887e-01 3.925988443077163215e+00
4.810779410118498078e-01 6.846531968814576485e-01 7.087543219645200399e-01 3.918447500584769649e+00
4.861006397513440991e-01 6.903350635742038222e-01 7.078121544728929182e-01 3.910907501597070901e+00
4.911264765071948757e-01 6.959705453537526898e-01 7.054631712666333820e-01 3.903408449691198268e+00
4.961573382534816834e-01 7.015607600201140270e-01 7.017292693050176666e-01 3.895985655224988520e+00
5.011951119642841235e-01 7.071067811865475727e-01 6.967510182461902346e-01 3.888693057561567024e+00
5.062416557174810317e-01 7.126096406869611988e-01 6.906889737256571848e-01 3.881550035327531400e+00
5.112986934126425576e-01 7.180703308172535770e-01 6.836255882732167333e-01 3.874614204421593211e+00
5.163679100321042492e-01 7.234898064243890925e-01 6.755862309139604172e-01 3.867909804874597679e+00
5.214509905540808399e-01 7.288689868556625928e-01 6.666175799648951239e-01 3.861467977668530782e+00
5.265496199567877289e-01 7.342087577794206288e-01 6.567920346230146089e-01 3.855278384322655683e+00
5.316654832184396495e-01 7.395099728874520162e-01 6.461753435306788473e-01 3.849342144649332997e+00
5.368002653172517791e-01 7.447734554883115310e-01 6.348245370402747501e-01 3.843646459611065325e+00
5.419556512314391838e-01 7.500000000000000000e-01 6.228030039186795985e-01 3.838196808104754165e+00
5.471333259392169301e-01 7.551903733496607707e-01 6.101726514888211605e-01 3.832970060790000577e+00
5.523349744187997512e-01 7.603453162872774174e-01 5.969961577837537003e-01 3.827988827946883443e+00
5.575622816484030464e-01 7.654655446197431434e-01 5.833343386407153774e-01 3.823232175815637124e+00
5.628169326062416600e-01 7.705517503711220018e-01 5.692503855162941440e-01 3.818693278019993365e+00
5.681006122705305472e-01 7.756046028744285614e-01 5.548046210434093295e-01 3.814384766325149556e+00
5.734150056194848855e-01 7.806247497997997886e-01 5.400597254055169438e-01 3.810294892221809171e+00
5.787617976313197410e-01 7.856128181235334518e-01 5.250772502327735181e-01 3.806421444407849020e+00
5.841426732842498470e-01 7.905694150420948807e-01 5.099196384458247744e-01 3.802752021648598379e+00
5.895596002443396211e-01 7.954951288348659499e-01 4.946486469533057373e-01 3.799311182905093176e+00
5.950158106901071164e-01 8.003905296791060664e-01 4.793258599031483547e-01 3.796071371414504902e+00
6.005148902318744319e-01 8.052561704203203830e-01 4.640135902735400553e-01 3.793038142082419739e+00
6.060604244963206932e-01 8.100925873009825473e-01 4.487734786355956906e-01 3.790223219518992437e+00
6.116559991101250260e-01 8.149003006503311441e-01 4.336674582070187967e-01 3.787565028197072969e+00
6.173051996999665558e-01 8.196798155377500450e-01 4.187571356718345905e-01 3.785034329544323839e+00
6.230116118925238533e-01 8.244316223920574727e-01 4.041047094067836132e-01 3.782571822206236334e+00
6.287788213144769323e-01 8.291561975888499525e-01 3.897721146163205530e-01 3.780137121247130416e+00
6.346104135925042522e-01 8.338540040078958882e-01 3.758199126482447139e-01 3.777675669816940029e+00
6.405099743532852719e-01 8.385254915624211769e-01 3.623099627831145586e-01 3.775146678525668431e+00
6.464810892234991169e-01 8.431710977020026032e-01 3.492717213280402411e-01 3.772492450039341083e+00
6.525273438298244688e-01 8.477912478906585170e-01 3.366967649434512433e-01 3.769668604289845515e+00
6.586523237989408974e-01 8.523863560616159463e-01 3.245754765587277046e-01 3.766626786984569986e+00
6.648596147575275284e-01 8.569568250501304885e-01 3.128996208048326899e-01 3.763317511119534498e+00
6.711528023322633763e-01 8.615030470056388445e-01 3.016591707848527149e-01 3.759688094588760965e+00
6.775354721498271227e-01 8.660254037844385966e-01 2.908449296827519959e-01 3.755703040374740453e+00
6.840122198123366193e-01 8.705242673240074502e-01 2.804475270793226338e-01 3.751297444213211651e+00
6.905919933042498071e-01 8.750000000000000000e-01 2.704579217380503331e-01 3.746417799424923256e+00
6.972849127749924936e-01 8.794529549668930191e-01 2.608659879699413708e-01 3.741035131414331083e+00
7.041010983906541565e-01 8.838834764831844382e-01 2.516628443018953942e-01 3.735211599765779766e+00
7.110506703173233856e-01 8.882919002219934468e-01 2.428395973214806380e-01 3.729307250340011315e+00
7.181437487210895476e-01 8.926785535678563033e-01 2.343852687367931620e-01 3.723705967588947452e+00
7.253904537680411213e-01 8.970437559004577066e-01 2.262912060840843453e-01 3.718838926979346482e+00
7.328009056242676955e-01 9.013878188659972812e-01 2.185482635737698021e-01 3.715092973669354759e+00
7.403852244558580820e-01 9.057110466368398782e-01 2.111467365204364455e-01 3.712895270906268141e+00
7.481535304289012034e-01 9.100137361600647568e-01 2.040772403293703852e-01 3.712643622093851015e+00
7.561159437094862046e-01 9.142961773954870752e-01 1.973301384211462728e-01 3.714763981379284985e+00
7.642825844637021193e-01 9.185586535436918165e-01 1.908964701120608731e-01 3.719659569527776100e+00
7.726635728576380924e-01 9.228014412645875186e-01 1.847660622439624423e-01 3.727773313342982675e+00
7.812690290573828245e-01 9.270248108869578729e-01 1.789302467143566722e-01 3.739510089013170280e+00
7.901090732290252383e-01 9.312290266094587210e-01 1.733789578812560406e-01 3.755300783905602735e+00
7.991938255386549228e-01 9.354143466934853324e-01 1.681035843976978750e-01 3.775470551252722462e+00
8.085371067748903240e-01 9.395810236483067568e-01 1.630953569331595743e-01 3.799338280505820009e+00
8.181681018771470582e-01 9.437293044088437277e-01 1.583437159420636176e-01 3.825535092597983411e+00
8.281199825248178881e-01 9.478594305064438341e-01 1.538396748187068064e-01 3.852661591021097731e+00
8.384259204046415892e-01 9.519716382329885818e-01 1.495740313800978105e-01 3.879279760998012527e+00
8.491190872033587134e-01 9.560661587986472032e-01 1.455366818361321368e-01 3.903906125819888384e+00
8.602326546077075919e-01 9.601432184835759776e-01 1.417190836282069821e-01 3.925134038580017304e+00
8.717997943044295539e-01 9.642030387838445016e-01 1.381113629159907707e-01 3.941074947190472688e+00
8.838536779802629306e-01 9.682458365518542553e-01 1.347034575784945842e-01 3.941801397429423925e+00
8.964123462880972948e-01 9.722718241315028154e-01 1.314874474177845365e-01 3.901526987380174116e+00
9.094222526851936106e-01 9.762812094883318581e-01 1.284514550696893298e-01 3.782325116245155883e+00
9.228087004535907578e-01 9.802741963348826637e-01 1.255890414863235771e-01 3.531646109744600803e+00
9.364969897420839517e-01 9.842509842514763907e-01 1.228876022982923338e-01 3.105805296984581076e+00
9.505183234705538720e-01 9.882117688026185176e-01 1.203418316840285940e-01 2.527104259582357404e+00
9.653645550421513510e-01 9.921567416492215186e-01 1.179435696309327486e-01 1.912223413781823922e+00
9.816527559002773407e-01 9.960860906568266282e-01 1.156801490580572356e-01 1.395207997577681658e+00
1.000000000000000000e+00 1.000000000000000000e+00 1.135869999999999935e-01 1.037499999999999867e+00
