# 1.rho_tor 2.rho_pol 3.Te(keV) 4.ne(10^19m^-3)
#
0.000000000000000000e+00 0.000000000000000000e+00 8.274126529858929491e-01 4.451820000000000555e+00
5.626367770955685577e-02 8.838834764831837720e-02 8.273597083718724488e-01 4.446059116212452977e+00
8.000803265825813526e-02 1.249999999999999029e-01 8.271951906989640779e-01 4.440402747596088773e+00
9.800706539993418731e-02 1.530931089239485066e-01 8.269208484679463345e-01 4.434830332852263801e+00
1.132642571983274588e-01 1.767766952966367544e-01 8.265318299090823606e-01 4.429363904653801143e+00
1.268442891172583409e-01 1.976423537605238034e-01 8.260220766923410673e-01 4.423992923579681324e+00
1.391826926263355357e-01 2.165063509461097324e-01 8.253901611418509310e-01 4.418717784395278514e+00
1.505206405508532352e-01 2.338535866733713608e-01 8.246379919009384496e-01 4.413544481111512319e+00
1.610992481853316671e-01 2.500000000000000000e-01 8.237622528017811696e-01 4.408467911253644900e+00
1.711305254641022067e-01 2.651650429449552981e-01 8.227536376539718033e-01 4.403498911258322934e+00
1.806938351533607934e-01 2.795084971874736701e-01 8.216096046251192275e-01 4.398623485109527387e+00
1.898307719138962735e-01 2.931509849889643027e-01 8.203310652866830921e-01 4.393855578434537001e+00
1.985829276797321519e-01 3.061862178478973462e-01 8.189189124692457522e-01 4.389185104867220133e+00
2.069918943848916004e-01 3.186887195995491417e-01 8.173733984075504111e-01 4.384627353898172153e+00
2.150992639633979853e-01 3.307189138830738395e-01 8.156935607547382006e-01 4.380161134510215604e+00
2.229466283492745893e-01 3.423265984407288243e-01 8.138766975651428037e-01 4.375809778062976108e+00
2.305755794765448896e-01 3.535533905932737864e-01 8.119178865703027270e-01 4.371556438351072771e+00
2.380233981705761337e-01 3.644344934278312964e-01 8.098108172762448209e-01 4.367416501383392990e+00
2.453049600925721052e-01 3.749999999999999445e-01 8.075538231241716769e-01 4.363375331945890778e+00
2.524278850996787837e-01 3.852758751855611119e-01 8.051473622167070188e-01 4.359445410336035387e+00
2.593997893344279770e-01 3.952847075210473293e-01 8.025921556215340757e-01 4.355627178143723022e+00
2.662282889393524643e-01 4.050462936504912737e-01 7.998890958403922502e-01 4.351918288943502411e+00
2.729210000569840533e-01 4.145780987944250318e-01 7.970391591354810679e-01 4.348311849251995653e+00
2.794855388298551069e-01 4.238956239453292585e-01 7.940433216720459431e-01 4.344813913418487772e+00
2.859295214004978769e-01 4.330127018922192983e-01 7.909024802422637279e-01 4.341435401817196116e+00
2.922605639114445597e-01 4.419417382415922191e-01 7.876173781588812206e-01 4.338162860316510994e+00
2.984862825052275181e-01 4.506939094329986406e-01 7.841885367512141380e-01 4.335001901607852481e+00
3.046142933243788375e-01 4.592793267718458528e-01 7.806161927623223029e-01 4.331953115330046344e+00
3.106522125114308808e-01 4.677071733467427217e-01 7.769002418351735884e-01 4.329012299444710443e+00
3.166076562089155666e-01 4.759858191164942354e-01 7.730401881875886838e-01 4.326194953525769549e+00
3.224882405593653689e-01 4.841229182759271277e-01 7.690351005105764415e-01 4.323488184220877883e+00
3.283015817053127616e-01 4.921254921257381953e-01 7.648835740818092921e-01 4.320896836594240398e+00
3.340552957892894415e-01 5.000000000000000000e-01 7.605836990647164564e-01 4.318422108213129107e+00
3.397562419415552371e-01 5.077524002897475519e-01 7.561336384940865463e-01 4.316066316964408678e+00
3.454074904414968783e-01 5.153882032022075732e-01 7.515342530051313252e-01 4.313827912436478229e+00
3.510109286576470478e-01 5.229125165837972267e-01 7.467874663147918701e-01 4.311696352362067053e+00
3.565684435640850691e-01 5.303300858899105963e-01 7.418953892085858870e-01 4.309694121800253797e+00
3.620819221348907102e-01 5.376453291901642784e-01 7.368603077632172038e-01 4.307813602873951098e+00
3.675532513441435167e-01 5.448623679425842470e-01 7.316846724515592149e-01 4.306054736507154423e+00
3.729843181659229234e-01 5.519850541454904835e-01 7.263710879159507305e-01 4.304417633238033503e+00
3.783770095743086981e-01 5.590169943749474513e-01 7.209223034873822877e-01 4.302901479671402463e+00
3.837332125433801644e-01 5.659615711335885813e-01 7.153412045183600299e-01 4.301512744638391617e+00
3.890548140472170346e-01 5.728219618694799786e-01 7.096308045873750414e-01 4.300254246513318002e+00
3.943437010598988546e-01 5.796011559684813852e-01 7.037942386230593428e-01 4.299122747024017421e+00
3.996017605555050034e-01 5.863019699779287164e-01 6.978347569862828337e-01 4.298117319361766775e+00
4.048308795081151934e-01 5.929270612815711328e-01 6.917557205386881680e-01 4.297240845970965673e+00
4.100329448918090258e-01 5.994789404140898892e-01 6.855605967164620784e-01 4.296496574908037047e+00
4.152098436806659909e-01 6.059599821770411676e-01 6.792529566185258050e-01 4.295887045514746205e+00
4.203634628487655789e-01 6.123724356957944703e-01 6.728364731087640438e-01 4.295412502503253904e+00
4.254956893701873910e-01 6.187184335382290845e-01 6.663149199224231989e-01 4.295072738240499177e+00
4.306084102190111951e-01 6.250000000000000000e-01 6.596921717573229760e-01 4.294867474047669553e+00
4.357035123693162593e-01 6.312190586476298382e-01 6.529722053210605948e-01 4.294796472112641261e+00
4.407828827951822404e-01 6.373774391990980615e-01 6.461591012958707303e-01 4.294859423820362565e+00
4.458484084706886286e-01 6.434768838116875500e-01 6.392570471732308413e-01 4.295056179044182798e+00
4.509019763699150807e-01 6.495190528383290030e-01 6.322703409005996367e-01 4.295386443525489817e+00
4.559454734669411979e-01 6.555055301063447137e-01 6.252033952728373034e-01 4.295850619636082612e+00
4.609807867358463596e-01 6.614378277661476790e-01 6.180607429908177020e-01 4.296449575925290532e+00
4.660098031507102223e-01 6.673173907519569514e-01 6.108470422994852767e-01 4.297184100519481298e+00
4.710344096856124430e-01 6.731456008918129674e-01 6.035670831071036080e-01 4.298051566937169277e+00
4.760564933146325117e-01 6.789237807000134683e-01 5.962257934766721501e-01 4.299044860235497367e+00
4.810779410118498078e-01 6.846531968814576485e-01 5.888282463694374247e-01 4.300160617204006996e+00
4.861006397513440991e-01 6.903350635742038222e-01 5.813796665091300886e-01 4.301407201210006193e+00
4.911264765071948757e-01 6.959705453537526898e-01 5.738854372240228541e-01 4.302786372237811463e+00
4.961573382534816834e-01 7.015607600201140270e-01 5.663511071121886120e-01 4.304286462797247026e+00
5.011951119642841235e-01 7.071067811865475727e-01 5.587823963635264457e-01 4.305910075740001730e+00
5.062416557174810317e-01 7.126096406869611988e-01 5.511852460877914028e-01 4.307662886545147174e+00
5.112986934126425576e-01 7.180703308172535770e-01 5.435659820822874577e-01 4.309537188340793357e+00
5.163679100321042492e-01 7.234898064243890925e-01 5.359311741132408713e-01 4.311533775558037185e+00
5.214509905540808399e-01 7.288689868556625928e-01 5.282875768814693229e-01 4.313656032994440004e+00
5.265496199567877289e-01 7.342087577794206288e-01 5.206421279476508568e-01 4.315908666023450913e+00
5.316654832184396495e-01 7.395099728874520162e-01 5.130019440500653838e-01 4.318297690751291107e+00
5.368002653172517791e-01 7.447734554883115310e-01 5.053743156065981790e-01 4.320838558672610574e+00
5.419556512314391838e-01 7.500000000000000000e-01 4.977666991975478461e-01 4.323533035652534551e+00
5.471333259392169301e-01 7.551903733496607707e-01 4.901867078267894140e-01 4.326384293326325903e+00
5.523349744187997512e-01 7.603453162872774174e-01 4.826420987627720871e-01 4.329394887609748999e+00
5.575622816484030464e-01 7.654655446197431434e-01 4.751407587680974154e-01 4.332588858154148959e+00
5.628169326062416600e-01 7.705517503711220018e-01 4.676906865375515254e-01 4.335961720405409281e+00
5.681006122705305472e-01 7.756046028744285614e-01 4.602999721798740063e-01 4.339522681244512015e+00
5.734150056194848855e-01 7.806247497997997886e-01 4.529767735987893507e-01 4.343281119305771654e+00
5.787617976313197410e-01 7.856128181235334518e-01 4.457292896543112448e-01 4.347235419838567871e+00
5.841426732842498470e-01 7.905694150420948807e-01 4.385657300165218264e-01 4.351398177183909866e+00
5.895596002443396211e-01 7.954951288348659499e-01 4.314939164006727501e-01 4.355785201905232995e+00
5.950158106901071164e-01 8.003905296791060664e-01 4.245200443832385373e-01 4.360389700571766447e+00
6.005148902318744319e-01 8.052561704203203830e-01 4.176499587485499876e-01 4.365218766277554785e+00
6.060604244963206932e-01 8.100925873009825473e-01 4.108896108712242756e-01 4.370295063704048744e+00
6.116559991101250260e-01 8.149003006503311441e-01 4.042450347950173883e-01 4.375575132872874029e+00
6.173051996999665558e-01 8.196798155377500450e-01 3.977223165318995446e-01 4.381052767573695661e+00
6.230116118925238533e-01 8.244316223920574727e-01 3.913275563592185091e-01 4.386700934608431801e+00
6.287788213144769323e-01 8.291561975888499525e-01 3.850668239573413199e-01 4.392489799283814556e+00
6.346104135925042522e-01 8.338540040078958882e-01 3.789461063351352021e-01 4.398392521334833383e+00
6.405099743532852719e-01 8.385254915624211769e-01 3.729712486147487849e-01 4.404394653410871996e+00
6.464810892234991169e-01 8.431710977020026032e-01 3.671478878896074494e-01 4.410475344380561324e+00
6.525273438298244688e-01 8.477912478906585170e-01 3.614813805277640735e-01 4.416587997591451931e+00
6.586523237989408974e-01 8.523863560616159463e-01 3.559767234620191956e-01 4.422726949310683331e+00
6.648596147575275284e-01 8.569568250501304885e-01 3.506384701806283810e-01 4.428865358051240264e+00
6.711528023322633763e-01 8.615030470056388445e-01 3.454706422957218859e-01 4.434973529338586573e+00
6.775354721498271227e-01 8.660254037844385966e-01 3.404766377027380608e-01 4.441023545682274865e+00
6.840122198123366193e-01 8.705242673240074502e-01 3.356584043462089162e-01 4.447007460064561712e+00
6.905919933042498071e-01 8.750000000000000000e-01 3.310142395757219580e-01 4.452873930667554880e+00
6.972849127749924936e-01 8.794529549668930191e-01 3.265415634482738971e-01 4.458626349218804741e+00
7.041010983906541565e-01 8.838834764831844382e-01 3.222377094620992866e-01 4.464263475630500189e+00
7.110506703173233856e-01 8.882919002219934468e-01 3.180997529262542534e-01 4.469906806735856719e+00
7.181437487210895476e-01 8.926785535678563033e-01 3.141243144785952901e-01 4.475695524989035334e+00
7.253904537680411213e-01 8.970437559004577066e-01 3.103073342761019093e-01 4.481739642852605954e+00
7.328009056242676955e-01 9.013878188659972812e-01 3.066438085025503524e-01 4.488178207599906600e+00
7.403852244558580820e-01 9.057110466368398782e-01 3.031274731313043924e-01 4.495153323160726799e+00
7.481535304289012034e-01 9.100137361600647568e-01 2.997504084720734041e-01 4.502781507507723546e+00
7.561159437094862046e-01 9.142961773954870752e-01 2.965025188578276349e-01 4.511207311846183288e+00
7.642825844637021193e-01 9.185586535436918165e-01 2.933708098214711235e-01 4.520545662922544672e+00
7.726635728576380924e-01 9.228014412645875186e-01 2.903383318378221500e-01 4.530933559327227300e+00
7.812690290573828245e-01 9.270248108869578729e-01 2.873825711211781542e-01 4.542510678727362361e+00
7.901090732290252383e-01 9.312290266094587210e-01 2.844729208101210993e-01 4.555387525290243822e+00
7.991938255386549228e-01 9.354143466934853324e-01 2.815666222521217565e-01 4.569622885600366224e+00
8.085371067748903240e-01 9.395810236483067568e-01 2.786009863159614186e-01 4.584260754680467898e+00
8.181681018771470582e-01 9.437293044088437277e-01 2.754785052749544882e-01 4.597716511700468800e+00
8.281199825248178881e-01 9.478594305064438341e-01 2.720505478105706421e-01 4.608387560899427804e+00
8.384259204046415892e-01 9.519716382329885818e-01 2.680846620408814940e-01 4.614683225945943157e+00
8.491190872033587134e-01 9.560661587986472032e-01 2.632087141458616664e-01 4.615020206197823605e+00
8.602326546077075919e-01 9.601432184835759776e-01 2.568233736956808677e-01 4.607802140644667865e+00
8.717997943044295539e-01 9.642030387838445016e-01 2.479805973746446734e-01 4.591374997659567470e+00
8.838536779802629306e-01 9.682458365518542553e-01 2.352655883331880582e-01 4.555854131117759387e+00
8.964123462880972948e-01 9.722718241315028154e-01 2.168664976030399705e-01 4.474564220486434429e+00
9.094222526851936106e-01 9.762812094883318581e-01 1.913250229228066202e-01 4.309527722691652407e+00
9.228087004535907578e-01 9.802741963348826637e-01 1.590430286047250785e-01 4.008137062722330946e+00
9.364969897420839517e-01 9.842509842514763907e-01 1.236411178402375965e-01 3.527197097901871192e+00
9.505183234705538720e-01 9.882117688026185176e-01 9.070174560405196151e-02 2.890123102134941835e+00
9.653645550421513510e-01 9.921567416492215186e-01 6.409295296674259734e-02 2.216255151776417520e+00
9.816527559002773407e-01 9.960860906568266282e-01 4.537733758495680197e-02 1.645060298438337343e+00
1.000000000000000000e+00 1.000000000000000000e+00 3.399842592447915868e-02 1.244159999999999933e+00
