# 1.rho_tor 2.rho_pol 3.Ti(keV) 4.ni(10^19m^-3)
#
0.000000000000000000e+00 0.000000000000000000e+00 1.221635999999999944e+00 6.921845239814233608e+00
5.320527902240441975e-02 8.838834764831821067e-02 1.203267948167867862e+00 6.769624341261213374e+00
7.557542376373038717e-02 1.250000000000000000e-01 1.192116385886026197e+00 6.684773385406353796e+00
9.264725649654931283e-02 1.530931089239485066e-01 1.182299021182165788e+00 6.613872892648747559e+00
1.071389049935659171e-01 1.767766952966368932e-01 1.173149805109532151e+00 6.551085745636131108e+00
1.200633440837331062e-01 1.976423537605236092e-01 1.164479232985417001e+00 6.494272985386276176e+00
1.318336346140430160e-01 2.165063509461096769e-01 1.156192566961305346e+00 6.442361114369169250e+00
1.426774885086583566e-01 2.338535866733712498e-01 1.148236056329112298e+00 6.394557208252867220e+00
1.528225628278748194e-01 2.500000000000000000e-01 1.140579131537484470e+00 6.350236168772673828e+00
1.624689763563940681e-01 2.651650429449552426e-01 1.133202012025076977e+00 6.308928351352560249e+00
1.716913426713168322e-01 2.795084971874737256e-01 1.126079555729190718e+00 6.270277274778586651e+00
1.805285407466126479e-01 2.931509849889643027e-01 1.119188127769167096e+00 6.234019548322569548e+00
1.890194469762994933e-01 3.061862178478972907e-01 1.112508067832402192e+00 6.199937000182796254e+00
1.972029377543950412e-01 3.186887195995490307e-01 1.106021938299966534e+00 6.167841367992280333e+00
2.051178894749172699e-01 3.307189138830738395e-01 1.099716060482872626e+00 6.137587825697607968e+00
2.128031785318839075e-01 3.423265984407287688e-01 1.093579387663636826e+00 6.109027370978519222e+00
2.202976813193128491e-01 3.535533905932737864e-01 1.087601243206903101e+00 6.082027109182725155e+00
2.276362192528090245e-01 3.644344934278312409e-01 1.081771433580234199e+00 6.056503311923804311e+00
2.348325397124393921e-01 3.750000000000000555e-01 1.076081872808772433e+00 6.032345802546348779e+00
2.418935653537809816e-01 3.852758751855610009e-01 1.070525535262188521e+00 6.009461387394794407e+00
2.488262153384888375e-01 3.952847075210474403e-01 1.065096050540709438e+00 5.987768390991351275e+00
2.556374088282176715e-01 4.050462936504912181e-01 1.059786869767105788e+00 5.967192176064116893e+00
2.623340649846224171e-01 4.145780987944250318e-01 1.054592188103895323e+00 5.947642383544327949e+00
2.689231029693580077e-01 4.238956239453292585e-01 1.049507577885644194e+00 5.929065955004070076e+00
2.754114419440792383e-01 4.330127018922192428e-01 1.044527758235515469e+00 5.911412856408458261e+00
2.818060010704411811e-01 4.419417382415922191e-01 1.039648130726515518e+00 5.894644462603894297e+00
2.881136995100986309e-01 4.506939094329986961e-01 1.034864200756126618e+00 5.878695086144563042e+00
2.943414564247062715e-01 4.592793267718459083e-01 1.030172331103937466e+00 5.863518600758527377e+00
3.004961909759192862e-01 4.677071733467426107e-01 1.025570039021760138e+00 5.849055415631290167e+00
3.065848223253925808e-01 4.759858191164942909e-01 1.021049988414744814e+00 5.835250722194883721e+00
3.126142696347808392e-01 4.841229182759271277e-01 1.016596169251764215e+00 5.822063384679666775e+00
3.185914520657388560e-01 4.921254921257381953e-01 1.012188256409863207e+00 5.809453449862273189e+00
3.245232887799218702e-01 4.999999999999999445e-01 1.007805686914990062e+00 5.797399779326327440e+00
3.304159666647791815e-01 5.077524002897475519e-01 1.003427857222840558e+00 5.785864229258868896e+00
3.362720075710612377e-01 5.153882032022075732e-01 9.990342240648945049e-01 5.774820760795119412e+00
3.420927890944817085e-01 5.229125165837972267e-01 9.946059964410965959e-01 5.764243550983366937e+00
3.478796884491914265e-01 5.303300858899105963e-01 9.901242662207064837e-01 5.754097059403899372e+00
3.536340828493415578e-01 5.376453291901641673e-01 9.855691378857509566e-01 5.744351000571069399e+00
3.593573495090828795e-01 5.448623679425842470e-01 9.809231119567909385e-01 5.734973733206122581e+00
3.650508656425665577e-01 5.519850541454904835e-01 9.761672363024537225e-01 5.725929852936539888e+00
3.707160084639431474e-01 5.590169943749474513e-01 9.712827747106268506e-01 5.717188877301412120e+00
3.763541551873639257e-01 5.659615711335885813e-01 9.662520963940514074e-01 5.708720670316192347e+00
3.819666830269795588e-01 5.728219618694799786e-01 9.610579406739180319e-01 5.700489079795323377e+00
3.875549691969413235e-01 5.796011559684814962e-01 9.556823041202547886e-01 5.692459756688172945e+00
3.931203909113998862e-01 5.863019699779287164e-01 9.501066992620431639e-01 5.684603599018222653e+00
3.986643253845061907e-01 5.929270612815711328e-01 9.443151306815883439e-01 5.676890281172198627e+00
4.041881498304112919e-01 5.994789404140898892e-01 9.382900027549863076e-01 5.669287264809478089e+00
4.096932414632661335e-01 6.059599821770411676e-01 9.320132338188756860e-01 5.661761727098435060e+00
4.151809774972217149e-01 6.123724356957944703e-01 9.254685421294539527e-01 5.654280905457370388e+00
4.206527351464287579e-01 6.187184335382290845e-01 9.186395090871283253e-01 5.646814577169310567e+00
4.261098916250383173e-01 6.250000000000000000e-01 9.115076009520753919e-01 5.639334786651319931e+00
4.315538241472012815e-01 6.312190586476298382e-01 9.040577171909488507e-01 5.631811900545784511e+00
4.369859099270687053e-01 6.373774391990980615e-01 8.962723445656431975e-01 5.624215542028349724e+00
4.424075261787914770e-01 6.434768838116875500e-01 8.881354668984265954e-01 5.616520321693370121e+00
4.478200501165204850e-01 6.495190528383290030e-01 8.796493833235994320e-01 5.608701867158685239e+00
4.532248589544067285e-01 6.555055301063447137e-01 8.708290248952200718e-01 5.600725674293424383e+00
4.586233299066010405e-01 6.614378277661476790e-01 8.616889578517139547e-01 5.592558697601056394e+00
4.640168401872545312e-01 6.673173907519569514e-01 8.522446156600679279e-01 5.584181533601603853e+00
4.694067670105179779e-01 6.731456008918129674e-01 8.425105466320280678e-01 5.575568776439651764e+00
4.747944875905426021e-01 6.789237807000134683e-01 8.325017738264360867e-01 5.566685553027474143e+00
4.801813791414787924e-01 6.846531968814576485e-01 8.222332960606409946e-01 5.557502623534480435e+00
4.855688188774780478e-01 6.903350635742038222e-01 8.117200918511860985e-01 5.547993098174748283e+00
4.909581840126909791e-01 6.959705453537526898e-01 8.009764701045438695e-01 5.538130179004128628e+00
4.963508517612687521e-01 7.015607600201140270e-01 7.900166023514533231e-01 5.527890819167783576e+00
5.017481993373619220e-01 7.071067811865475727e-01 7.788560771191815890e-01 5.517241832800192647e+00
5.071515410358218290e-01 7.126096406869611988e-01 7.675074285716384503e-01 5.506148635688064452e+00
5.125618989883370391e-01 7.180703308172535770e-01 7.559859592323082689e-01 5.494597332865140515e+00
5.179802105872500784e-01 7.234898064243890925e-01 7.443046198534806202e-01 5.482544420372960303e+00
5.234074132159322046e-01 7.288689868556625928e-01 7.324793807644663923e-01 5.469976470528662205e+00
5.288444442577528992e-01 7.342087577794206288e-01 7.205227356798999949e-01 5.456862647640289943e+00
5.342922410960833091e-01 7.395099728874520162e-01 7.084496706163296853e-01 5.443167439365257820e+00
5.397517411142938037e-01 7.447734554883115310e-01 6.962736977196897215e-01 5.428868754477491620e+00
5.452238816957547529e-01 7.500000000000000000e-01 6.840083429350263255e-01 5.413935239445343939e+00
5.507096002238365262e-01 7.551903733496607707e-01 6.716683163603751616e-01 5.398353457717012915e+00
5.562098340819098263e-01 7.603453162872774174e-01 6.592667697120535575e-01 5.382088534563731486e+00
5.617255206533448009e-01 7.654655446197431434e-01 6.468188006884314500e-01 5.365105731792189303e+00
5.672575973215122636e-01 7.705517503711220018e-01 6.343361634437824081e-01 5.347380845657578874e+00
5.728070014697824730e-01 7.756046028744285614e-01 6.218345262234703519e-01 5.328893394918320148e+00
5.783746704815256878e-01 7.806247497997997886e-01 6.093274503917754936e-01 5.309613649503051036e+00
5.839615417401126107e-01 7.856128181235334518e-01 5.968277671593270606e-01 5.289510705625188436e+00
5.895685526289138334e-01 7.905694150420948807e-01 5.843492241247252306e-01 5.268558831192046377e+00
5.951970991273513034e-01 7.954951288348659499e-01 5.719063301171209979e-01 5.246717117802791819e+00
6.008506285956253246e-01 8.003905296791060664e-01 5.595122266041823167e-01 5.223980222660574491e+00
6.065331617557909727e-01 8.052561704203203830e-01 5.471818965203517626e-01 5.200297843055504465e+00
6.122487193564394303e-01 8.100925873009825473e-01 5.349274265145584906e-01 5.175664535530557053e+00
6.180013221461616579e-01 8.149003006503311441e-01 5.227640920094657195e-01 5.150028039346264741e+00
6.237949908735495042e-01 8.196798155377500450e-01 5.107048380606576954e-01 5.123369915254167850e+00
6.296337462871937074e-01 8.244316223920574727e-01 4.987637338659777209e-01 5.095667815332286743e+00
6.355216091356856722e-01 8.291561975888499525e-01 4.869533779156237641e-01 5.066875665248283589e+00
6.414626001676168032e-01 8.338540040078958882e-01 4.752882778867221214e-01 5.036975106576212724e+00
6.474607401315782829e-01 8.385254915624211769e-01 4.637813612371932681e-01 5.005938409829465030e+00
6.535200497761611826e-01 8.431710977020026032e-01 4.524461368578399645e-01 4.973728626117609686e+00
6.596445498499569071e-01 8.477912478906585170e-01 4.412979540152275892e-01 4.940317187381846331e+00
6.658382611015566388e-01 8.523863560616159463e-01 4.303498505938939678e-01 4.905678272690312092e+00
6.721052042795518933e-01 8.569568250501304885e-01 4.196151716699287326e-01 4.869783175536482211e+00
6.784494001325335200e-01 8.615030470056388445e-01 4.091085863010309187e-01 4.832587630324709060e+00
6.848748694090931455e-01 8.660254037844385966e-01 3.988440720441905341e-01 4.794071182222173100e+00
6.913862904239744811e-01 8.705242673240074502e-01 3.888344349452941273e-01 4.754190573758047655e+00
6.979911752037160078e-01 8.750000000000000000e-01 3.790948824351658142e-01 4.712922966561569282e+00
7.046977989379774598e-01 8.794529549668930191e-01 3.696333282236684559e-01 4.670223722443603620e+00
7.115144368272682263e-01 8.838834764831844382e-01 3.604415956557528444e-01 4.626083822783622956e+00
7.184493640720970298e-01 8.882919002219934468e-01 3.515081359202978373e-01 4.580443959869483272e+00
7.255108558729728152e-01 8.926785535678563033e-01 3.428198942370507263e-01 4.533301865203043235e+00
7.327071874304041943e-01 8.970437559004577066e-01 3.343640257398197702e-01 4.484635089681392017e+00
7.400466339449004449e-01 9.013878188659972812e-01 3.261286149588263350e-01 4.434430633726563542e+00
7.475379413739655643e-01 9.057110466368398782e-01 3.181008366749991101e-01 4.382698205623185572e+00
7.551921679739674875e-01 9.100137361600648678e-01 3.102675788569631554e-01 4.329472116952258531e+00
7.630210807885859925e-01 9.142961773954870752e-01 3.026137594932347130e-01 4.274807046805555011e+00
7.710364470466901654e-01 9.185586535436918165e-01 2.951266259363971578e-01 4.218835117376362298e+00
7.792500339771489815e-01 9.228014412645875186e-01 2.877916269307333463e-01 4.161757164429836564e+00
7.876736088088309717e-01 9.270248108869579839e-01 2.805975353309181908e-01 4.103928967262719496e+00
7.963189387706052225e-01 9.312290266094587210e-01 2.735290276674459120e-01 4.045861031446532863e+00
8.051977910913407088e-01 9.354143466934853324e-01 2.665742980141939111e-01 3.988308937664321707e+00
8.143226366914210201e-01 9.395810236483067568e-01 2.597187234000254419e-01 3.932393222620379269e+00
8.237088680598193546e-01 9.437293044088437277e-01 2.529499444257574114e-01 3.879642363850039022e+00
8.333726357836590548e-01 9.478594305064437231e-01 2.462555217883180547e-01 3.832091697917413775e+00
8.433300904514603458e-01 9.519716382329885818e-01 2.396293469647584606e-01 3.792210259591394905e+00
8.535973826517434526e-01 9.560661587986472032e-01 2.330667424952513334e-01 3.762515621252791487e+00
8.641906629730286005e-01 9.601432184835760886e-01 2.265601830641967573e-01 3.744471347692236662e+00
8.751260820038359034e-01 9.642030387838445016e-01 2.201037615198340458e-01 3.737320754465509154e+00
8.864197903326859196e-01 9.682458365518542553e-01 2.136867362061087849e-01 3.732868905477173982e+00
8.980938647820777554e-01 9.722718241315028154e-01 2.073046099982684132e-01 3.716850894548752837e+00
9.101984200782946566e-01 9.762812094883318581e-01 2.009468853494853213e-01 3.664520464348330453e+00
9.227918546437816616e-01 9.802741963348826637e-01 1.946059257352640293e-01 3.548812937446889748e+00
9.359325681281557285e-01 9.842509842514763907e-01 1.882731017059559586e-01 3.353678132119097377e+00
9.497502485468483080e-01 9.882117688026185176e-01 1.819435481507017949e-01 3.087333048406663671e+00
9.646846704203684286e-01 9.921567416492215186e-01 1.756027379675374755e-01 2.780984526352923591e+00
9.812598986930620715e-01 9.960860906568267392e-01 1.692232378166947659e-01 2.472204552687482515e+00
1.000000000000000000e+00 1.000000000000000000e+00 1.631019999999999970e-01 2.201760000000000161e+00
