# 1.rho_tor 2.rho_pol 3.Te(keV) 4.ne(10^19m^-3)
#
0.000000000000000000e+00 0.000000000000000000e+00 1.040036803583297420e+00 8.300829999999999487e+00
5.780549421694903406e-02 8.838834764831871027e-02 1.040036797207331221e+00 8.090074330075349707e+00
8.200205497163555457e-02 1.249999999999999029e-01 1.040036722703609584e+00 7.965854096494773273e+00
1.006757479788508852e-01 1.530931089239487009e-01 1.040036445036155444e+00 7.860517285503330065e+00
1.165429736017842277e-01 1.767766952966367544e-01 1.040035767209283257e+00 7.767384730939193460e+00
1.307205470757286103e-01 1.976423537605237202e-01 1.040034422088699895e+00 7.683425859642724731e+00
1.436624299009922334e-01 2.165063509461097602e-01 1.040032085203931755e+00 7.607143814932874726e+00
1.556177455114464148e-01 2.338535866733712776e-01 1.040028388118558800e+00 7.537636443386507956e+00
1.668355567082472624e-01 2.500000000000000555e-01 1.040022879485077434e+00 7.473963265943311285e+00
1.775345004964666573e-01 2.651650429449552426e-01 1.040014978970523307e+00 7.415863911133810049e+00
1.877945488496297610e-01 2.795084971874737256e-01 1.040004048403518233e+00 7.362526132469863427e+00
1.976561921933228105e-01 2.931509849889644137e-01 1.039989397813910088e+00 7.313867946917754104e+00
2.071599181026595737e-01 3.061862178478972352e-01 1.039970264451308912e+00 7.269599720534015930e+00
2.163462141527544014e-01 3.186887195995490862e-01 1.039945800602651849e+00 7.229379915349396946e+00
2.252555679187211446e-01 3.307189138830737285e-01 1.039915053524941513e+00 7.192878044623633116e+00
2.339284669756739876e-01 3.423265984407288243e-01 1.039876936298194110e+00 7.159778917986522551e+00
2.424053988987270869e-01 3.535533905932738419e-01 1.039830188257972354e+00 7.130189222793287485e+00
2.507226289825443821e-01 3.644344934278312409e-01 1.039773355266769839e+00 7.104303457484646422e+00
2.588944790046640021e-01 3.750000000000000555e-01 1.039704922390421338e+00 7.080757691810438459e+00
2.669281644407262566e-01 3.852758751855611119e-01 1.039623288017612612e+00 7.060511826482397169e+00
2.748308971282957813e-01 3.952847075210474403e-01 1.039526723224273752e+00 7.042992408445408081e+00
2.826098889049372120e-01 4.050462936504913292e-01 1.039413364617152391e+00 7.029385275429647528e+00
2.902723516082150179e-01 4.145780987944249207e-01 1.039281205478217673e+00 7.015981976875601767e+00
2.978254970756938902e-01 4.238956239453293140e-01 1.039128084934617613e+00 7.002769897725193537e+00
3.052765371449382981e-01 4.330127018922192428e-01 1.038951674900383981e+00 6.999960315651907017e+00
3.126326836535128773e-01 4.419417382415922191e-01 1.038749464531458999e+00 6.997872930984956774e+00
3.199011484389824855e-01 4.506939094329986961e-01 1.038518741926588884e+00 6.995810426937792315e+00
3.270891433389110925e-01 4.592793267718458528e-01 1.038256572792585430e+00 6.993770757074945443e+00
3.342038801908640000e-01 4.677071733467427217e-01 1.037959775772953286e+00 6.991751874960940860e+00
3.412525708324051776e-01 4.759858191164943464e-01 1.037624894113536644e+00 6.989751734160307706e+00
3.482424271010995387e-01 4.841229182759271277e-01 1.037248163307264770e+00 6.987768288237574232e+00
3.551806608345116079e-01 4.921254921257381953e-01 1.036825474322065732e+00 6.985799490757267804e+00
3.620744838702057988e-01 4.999999999999999445e-01 1.036352331971249541e+00 6.984577533111211878e+00
3.689302310210008651e-01 5.077524002897475519e-01 1.035823879472722364e+00 6.990282616674391214e+00
3.757498475857080633e-01 5.153882032022074622e-01 1.035235208340104851e+00 6.995957633782627028e+00
3.825339084202428186e-01 5.229125165837972267e-01 1.034581230631008042e+00 7.001603062808437805e+00
3.892829879235329971e-01 5.303300858899105963e-01 1.033856585725322130e+00 7.007219381744056008e+00
3.959976604945061873e-01 5.376453291901642784e-01 1.033055636164203372e+00 7.013523202331565010e+00
4.026785005320904220e-01 5.448623679425842470e-01 1.032172464096654307e+00 7.021096508920186885e+00
4.093260824352132898e-01 5.519850541454904835e-01 1.031200868354917866e+00 7.028632114553926336e+00
4.159409806028029344e-01 5.590169943749474513e-01 1.030134362217762556e+00 7.036130670363353268e+00
4.225237694337868888e-01 5.659615711335885813e-01 1.028966171925644435e+00 7.043592827479035812e+00
4.290750233270931857e-01 5.728219618694799786e-01 1.027689236016941621e+00 7.047657386275181679e+00
4.355953166816495248e-01 5.796011559684814962e-01 1.026296205559916075e+00 7.051699501694971950e+00
4.420852238963837721e-01 5.863019699779287164e-01 1.024779445360772590e+00 7.055722779881888229e+00
4.485453193702236829e-01 5.929270612815711328e-01 1.023131036234107727e+00 7.059727576922173675e+00
4.549761775020971233e-01 5.994789404140898892e-01 1.021342778428143916e+00 7.063714248902071446e+00
4.613783726909318483e-01 6.059599821770411676e-01 1.019406196303403123e+00 7.067683151907824701e+00
4.677524793356559463e-01 6.123724356957944703e-01 1.017312544369797456e+00 7.071634642025676598e+00
4.740990718351968392e-01 6.187184335382290845e-01 1.015052814793512947e+00 7.075569075341869407e+00
4.804187245884826707e-01 6.250000000000000000e-01 1.012617746491400794e+00 7.079486807942646287e+00
4.867120119944410850e-01 6.312190586476298382e-01 1.009997835936856658e+00 7.083388195914249508e+00
4.929795084520000037e-01 6.373774391990980615e-01 1.007183349807225570e+00 7.087273595342923116e+00
4.992217883600871819e-01 6.434768838116875500e-01 1.004164339608568435e+00 7.091143362314909382e+00
5.054394261176303749e-01 6.495190528383290030e-01 1.000930658419002528e+00 7.092004281250495978e+00
5.116329961235575041e-01 6.555055301063447137e-01 9.974719798967162099e-01 7.086327768313924302e+00
5.178030727767964914e-01 6.614378277661476790e-01 9.937778197029579763e-01 7.080672787437268134e+00
5.239502304762749807e-01 6.673173907519569514e-01 9.898375594936994482e-01 7.075038812174076597e+00
5.300750436209210603e-01 6.731456008918129674e-01 9.856404736360705465e-01 7.066041126135401917e+00
5.361780866096620413e-01 6.789237807000134683e-01 9.811757588068747982e-01 7.054804841543554694e+00
5.422599338414262338e-01 6.846531968814576485e-01 9.764325666303000917e-01 7.042854801589974123e+00
5.483211597151411709e-01 6.903350635742038222e-01 9.714000395101032304e-01 7.027111141204470002e+00
5.543623386297348299e-01 6.959705453537526898e-01 9.660673498078201638e-01 7.010460804830612069e+00
5.603840449841349658e-01 7.015607600201140270e-01 9.604237425126482819e-01 6.990863595046808321e+00
5.663868531772693338e-01 7.071067811865475727e-01 9.544585815402565343e-01 6.968803836774571714e+00
5.723712946604327945e-01 7.126096406869611988e-01 9.481614462640148844e-01 6.944736587902558433e+00
5.783377014593641396e-01 7.180703308172535770e-01 9.415223775892583857e-01 6.918267872891500581e+00
5.842863477581813347e-01 7.234898064243890925e-01 9.345318289253069510e-01 6.888706028398664749e+00
5.902175077348770227e-01 7.288689868556625928e-01 9.271806777643232245e-01 6.856661715886419373e+00
5.961314555674451787e-01 7.342087577794207398e-01 9.194602966679994438e-01 6.822034742041418021e+00
6.020284654338783348e-01 7.395099728874520162e-01 9.113626277228703554e-01 6.784529438211930774e+00
6.079088115121700220e-01 7.447734554883115310e-01 9.028802602761446527e-01 6.744115784283509107e+00
6.137727679803131053e-01 7.500000000000000000e-01 8.940065117175111098e-01 6.700813501307292697e+00
6.196206090163011160e-01 7.551903733496607707e-01 8.847355110151045032e-01 6.654739388450137128e+00
6.254526087981270299e-01 7.603453162872775284e-01 8.750622846521111109e-01 6.605658151953691437e+00
6.312690415037837122e-01 7.654655446197431434e-01 8.649828445445529868e-01 6.553641265973719321e+00
6.370701813112649159e-01 7.705517503711220018e-01 8.544942774509073358e-01 6.498492389642163580e+00
6.428563023985631730e-01 7.756046028744285614e-01 8.435948353108526643e-01 6.440556894775013141e+00
6.486276789436723478e-01 7.806247497997997886e-01 8.322840258740570318e-01 6.379475641875364644e+00
6.543845851245851941e-01 7.856128181235334518e-01 8.205627029013600193e-01 6.315415326623016412e+00
6.601272951192947991e-01 7.905694150420948807e-01 8.084331551406384042e-01 6.248387522095715241e+00
6.658564632952501672e-01 7.954951288348659499e-01 7.958983470619354073e-01 6.178427664050613721e+00
6.715744446741864770e-01 8.003905296791060664e-01 7.829588235331239598e-01 6.105565972725228718e+00
6.772840696114803549e-01 8.052561704203203830e-01 7.696150774790514459e-01 6.029893089752150104e+00
6.829881684845090506e-01 8.100925873009825473e-01 7.558686470352393716e-01 5.951382591894391894e+00
6.886895716706483705e-01 8.149003006503311441e-01 7.417222377383312359e-01 5.870198321975549582e+00
6.943911095472747874e-01 8.196798155377500450e-01 7.271798557306975441e-01 5.786374157051779932e+00
7.000956124917648848e-01 8.244316223920574727e-01 7.122469520753190730e-01 5.700038305228397384e+00
7.058059108814949134e-01 8.291561975888499525e-01 6.969305780303729492e-01 5.611267181941887117e+00
7.115248350938415678e-01 8.338540040078958882e-01 6.812395508874349304e-01 5.520182196446605793e+00
7.172552155061809875e-01 8.385254915624211769e-01 6.651846296787742308e-01 5.426866851437316619e+00
7.229998824958898673e-01 8.431710977020026032e-01 6.487786997004335587e-01 5.331455213515075897e+00
7.287616664403439026e-01 8.477912478906585170e-01 6.320369643710822549e-01 5.234046097848278123e+00
7.345433977169204542e-01 8.523863560616159463e-01 6.149771424438388312e-01 5.134700559493230898e+00
7.403479067029955507e-01 8.569568250501304885e-01 5.976196680012948459e-01 5.033615487023300084e+00
7.461780237759452206e-01 8.615030470056388445e-01 5.799878899841844904e-01 4.930796377648813511e+00
7.520365793131467136e-01 8.660254037844385966e-01 5.621082672229801291e-01 4.826368561846413385e+00
7.579263090407611925e-01 8.705242673240074502e-01 5.440108456436729689e-01 4.720442515912642634e+00
7.638495407955528949e-01 8.750000000000000000e-01 5.257304011541671374e-01 4.613164976004281215e+00
7.698084925632595610e-01 8.794529549668930191e-01 5.073056616525997153e-01 4.504628355401774975e+00
7.758053823280576244e-01 8.838834764831844382e-01 4.887790380531604195e-01 4.394932607381732304e+00
7.818424280741234078e-01 8.882919002219934468e-01 4.701966430213778136e-01 4.284207544953519076e+00
7.879218477856334557e-01 8.926785535678563033e-01 4.516082528420838349e-01 4.172569090479205656e+00
7.940458594467645348e-01 8.970437559004577066e-01 4.330672000615227724e-01 4.060146151604311804e+00
8.002166810416925236e-01 9.013878188659972812e-01 4.146301825749018066e-01 3.946993664120229894e+00
8.064378128681679581e-01 9.057110466368398782e-01 3.963532412970096064e-01 3.833191253231278406e+00
8.127190537861571640e-01 9.100137361600647568e-01 3.782774985989146854e-01 3.718808596665673427e+00
8.190721333493816703e-01 9.142961773954870752e-01 3.604432062112719048e-01 3.603918523694856990e+00
8.255087816160073810e-01 9.185586535436918165e-01 3.428957906934010924e-01 3.488643878968584744e+00
8.320407286441996453e-01 9.228014412645875186e-01 3.256858246374078059e-01 3.373093831438508161e+00
8.386797044921245892e-01 9.270248108869578729e-01 3.088686011712477586e-01 3.257296447449383070e+00
8.454374392179483388e-01 9.312290266094587210e-01 2.925031265575330774e-01 3.141316766560219964e+00
8.523256628798359102e-01 9.354143466934853324e-01 2.766502549168327607e-01 3.025216098293955103e+00
8.593574060773209178e-01 9.395810236483067568e-01 2.613668110032209557e-01 2.909050343354963264e+00
8.665510989646116879e-01 9.437293044088437277e-01 2.466933608113223986e-01 2.792895959715168797e+00
8.739265727899804270e-01 9.478594305064438341e-01 2.326574053995418001e-01 2.676819723006960139e+00
8.815036588042823862e-01 9.519716382329885818e-01 2.192643416631806230e-01 2.560877885996496239e+00
8.893021882583713733e-01 9.560661587986472032e-01 2.064779323360576013e-01 2.445163621544660604e+00
8.973419924031028616e-01 9.601432184835759776e-01 1.941907302283396863e-01 2.329797327699265175e+00
9.056429024893309920e-01 9.642030387838445016e-01 1.821824612704237845e-01 2.215007203783002421e+00
9.142247497679105717e-01 9.682458365518542553e-01 1.700698912470493263e-01 2.100731170255415670e+00
9.231102637795641774e-01 9.722718241315028154e-01 1.572645226834137600e-01 1.987102992687696634e+00
9.323358863100504879e-01 9.762812094883317471e-01 1.429848164308869241e-01 1.874003406318283993e+00
9.419421103777897430e-01 9.802741963348826637e-01 1.264654951100825098e-01 1.761951126185184346e+00
9.519694296013634371e-01 9.842509842514763907e-01 1.074291606044585623e-01 1.651268564073591572e+00
9.625008496098381716e-01 9.882117688026185176e-01 8.659105607594182186e-02 1.542032820557124984e+00
9.738042926116440290e-01 9.921567416492215186e-01 6.557759810491523011e-02 1.434458601367415431e+00
9.861979464559079700e-01 9.960860906568267392e-01 4.671025383811164972e-02 1.328742998419529142e+00
1.000000000000000000e+00 1.000000000000000000e+00 3.198500179555931189e-02 1.225179999999999936e+00
