# 1.rho_tor 2.rho_pol 3.Te(keV) 4.ne(10^19m^-3)
#
0.000000000000000000e+00 0.000000000000000000e+00 1.097118000000000482e+00 3.558086718509307467e+00
5.743850543354890592e-02 8.838834764831882129e-02 1.098352573329239190e+00 3.558075839807566254e+00
8.173464529773108445e-02 1.249999999999997363e-01 1.099407994267378230e+00 3.558017083213358411e+00
1.001117722570662172e-01 1.530931089239486176e-01 1.100285803455780309e+00 3.557885926810540500e+00
1.155557900880957445e-01 1.767766952966370875e-01 1.100985881942703415e+00 3.557664117224133893e+00
1.292178929487707573e-01 1.976423537605235536e-01 1.101509827664116647e+00 3.557334886854184752e+00
1.415593010732134061e-01 2.165063509461096491e-01 1.101858428134074197e+00 3.556886794833696186e+00
1.528280418858896927e-01 2.338535866733714719e-01 1.102032643065140816e+00 3.556313892775852192e+00
1.632720797055191297e-01 2.499999999999998612e-01 1.102033434365923936e+00 3.555608477263596523e+00
1.731101217092323730e-01 2.651650429449552981e-01 1.101861738504866350e+00 3.554758688297411151e+00
1.824275361649524696e-01 2.795084971874738367e-01 1.101518527932946245e+00 3.553758919349292889e+00
1.912717262784867089e-01 2.931509849889642472e-01 1.101004740643814372e+00 3.552607780750918209e+00
1.996900925146574968e-01 3.061862178478972352e-01 1.100321296386920000e+00 3.551304930640311497e+00
2.077300353382865450e-01 3.186887195995491417e-01 1.099469186834764134e+00 3.549850120354909322e+00
2.154389552141958708e-01 3.307189138830737285e-01 1.098449323907872088e+00 3.548242270389572184e+00
2.228642526072077135e-01 3.423265984407288243e-01 1.097262702820868130e+00 3.546478608250718700e+00
2.300533279821438404e-01 3.535533905932738974e-01 1.095910324605472885e+00 3.544553881220500635e+00
2.370486791108928903e-01 3.644344934278311854e-01 1.094393071236120951e+00 3.542461189139767264e+00
2.438673240920662122e-01 3.750000000000000000e-01 1.092711758895039686e+00 3.540199320184861609e+00
2.505180295553092740e-01 3.852758751855611119e-01 1.090867219083198059e+00 3.537769979418926347e+00
2.570095579059227253e-01 3.952847075210473293e-01 1.088860353050814744e+00 3.535175557600916729e+00
2.633506715492079375e-01 4.050462936504912737e-01 1.086692221586241791e+00 3.532418981468016472e+00
2.695501328904652549e-01 4.145780987944250873e-01 1.084363909242310298e+00 3.529503569967308518e+00
2.756167043349959656e-01 4.238956239453292030e-01 1.081876443401726728e+00 3.526432898619299205e+00
2.815591482881004137e-01 4.330127018922192983e-01 1.079230599416292069e+00 3.523210674801712905e+00
2.873862271550797765e-01 4.419417382415922746e-01 1.076427325597109075e+00 3.519840626205223089e+00
2.931067033412346201e-01 4.506939094329985851e-01 1.073467471411847729e+00 3.516326404241954418e+00
2.987293392518660662e-01 4.592793267718459083e-01 1.070352050250323650e+00 3.512671503790484095e+00
3.042628972922747921e-01 4.677071733467426662e-01 1.067082027497202601e+00 3.508879200342090776e+00
3.097161398677615862e-01 4.759858191164942354e-01 1.063658380161370598e+00 3.504952505373630345e+00
3.150978293836274591e-01 4.841229182759271277e-01 1.060082306887883963e+00 3.500894140611611860e+00
3.204167282451729215e-01 4.921254921257381398e-01 1.056354577836329911e+00 3.496706531766580195e+00
3.256815988576990950e-01 4.999999999999999445e-01 1.052475592338736554e+00 3.492391822301769366e+00
3.309003303660053574e-01 5.077524002897475519e-01 1.048446831609812779e+00 3.487952663893185257e+00
3.360764412409512625e-01 5.153882032022075732e-01 1.044269975968234121e+00 3.483395529043670447e+00
3.412120853925261210e-01 5.229125165837971156e-01 1.039944805827926810e+00 3.478728604910807043e+00
3.463094162756936156e-01 5.303300858899105963e-01 1.035471930605593727e+00 3.473960685223179023e+00
3.513705873454167627e-01 5.376453291901641673e-01 1.030852818838579044e+00 3.469101157941509417e+00
3.563977520566591894e-01 5.448623679425841360e-01 1.026089375258593561e+00 3.464159993286342054e+00
3.613930638643841897e-01 5.519850541454904835e-01 1.021181373289375971e+00 3.459147731721738506e+00
3.663586762235551686e-01 5.590169943749474513e-01 1.016129478756153670e+00 3.454075471812017017e+00
3.712967425891355311e-01 5.659615711335884702e-01 1.010935834655223742e+00 3.448954857812953634e+00
3.762094164160887932e-01 5.728219618694799786e-01 1.005601389636332055e+00 3.443798066800286772e+00
3.810988511593781936e-01 5.796011559684814962e-01 1.000125502291074442e+00 3.438617795077114181e+00
3.859672002739672481e-01 5.863019699779286054e-01 9.945104688639077040e-01 3.433427243538103468e+00
3.908166172148192508e-01 5.929270612815711328e-01 9.887564014790553024e-01 3.428240101602769929e+00
3.956492554368976067e-01 5.994789404140898892e-01 9.828650230557925971e-01 3.423070529262922879e+00
4.004672683951657763e-01 6.059599821770410566e-01 9.768375382933406348e-01 3.417933136721286402e+00
4.052728095445871648e-01 6.123724356957944703e-01 9.706738092370472692e-01 3.412842961030201572e+00
4.100680323401251770e-01 6.187184335382290845e-01 9.643755094872182854e-01 3.407815439071994135e+00
4.148550902367428295e-01 6.250000000000000000e-01 9.579429873983804633e-01 3.402866376157393180e+00
4.196361366894043043e-01 6.312190586476298382e-01 9.513775656619081200e-01 3.398011909456655655e+00
4.244133251530722295e-01 6.373774391990980615e-01 9.446802815178190205e-01 3.393268465421513280e+00
4.291888090827103430e-01 6.434768838116874390e-01 9.378520524002615932e-01 3.388652710306716553e+00
4.339647419332820499e-01 6.495190528383290030e-01 9.308940652984549757e-01 3.384181492860132145e+00
4.387432771597507553e-01 6.555055301063447137e-01 9.238066626270180492e-01 3.379871778222705458e+00
4.435265682170796420e-01 6.614378277661475680e-01 9.165908803383077119e-01 3.375740572067020384e+00
4.483167685602324481e-01 6.673173907519569514e-01 9.092480403554905610e-01 3.371804834009062279e+00
4.531160316441723013e-01 6.731456008918129674e-01 9.017789498289967565e-01 3.368081379355428062e+00
4.579265109238626619e-01 6.789237807000134683e-01 8.941848293295634464e-01 3.364586768301407460e+00
4.627503598542669905e-01 6.846531968814576485e-01 8.864656765467667787e-01 3.361337181777668270e+00
4.675897318903486366e-01 6.903350635742038222e-01 8.786228546715999510e-01 3.358348283258193234e+00
4.724467804870709498e-01 6.959705453537526898e-01 8.706586186768500157e-01 3.355635065992839117e+00
4.773236590993974460e-01 7.015607600201140270e-01 8.625718741275910650e-01 3.353211685316711765e+00
4.822225211822913638e-01 7.071067811865475727e-01 8.543655807916384903e-01 3.351091275916955325e+00
4.871456454034019390e-01 7.126096406869611988e-01 8.460388808563753527e-01 3.349285712488364819e+00
4.920958918502955637e-01 7.180703308172535770e-01 8.375941833694418026e-01 3.347805319645079880e+00
4.970762892462516902e-01 7.234898064243890925e-01 8.290304777172646800e-01 3.346658929503620428e+00
5.020898663324058209e-01 7.288689868556625928e-01 8.203505050187056558e-01 3.345853725901239528e+00
5.071396518498937356e-01 7.342087577794206288e-01 8.115546052867590454e-01 3.345394989748411874e+00
5.122286745398505481e-01 7.395099728874520162e-01 8.026441393138612490e-01 3.345285824674087749e+00
5.173599631434120383e-01 7.447734554883115310e-01 7.936195314641490972e-01 3.345526864127275513e+00
5.225365464017137640e-01 7.500000000000000000e-01 7.844812770342973751e-01 3.346115961526451077e+00
5.277614530558909500e-01 7.551903733496607707e-01 7.752312331799682266e-01 3.347047865443546488e+00
5.330377118470795983e-01 7.603453162872774174e-01 7.658706764089214802e-01 3.348313882121595420e+00
5.383683515164146005e-01 7.654655446197431434e-01 7.563989479491365353e-01 3.349901527801161016e+00
5.437564008050317366e-01 7.705517503711220018e-01 7.468176975783951121e-01 3.351794173306872349e+00
5.492048884540667864e-01 7.756046028744285614e-01 7.371291983453803764e-01 3.353970683049556367e+00
5.547168432046549746e-01 7.806247497997997886e-01 7.273322776303019488e-01 3.356405049953416153e+00
5.602952937979318593e-01 7.856128181235334518e-01 7.174294933091435178e-01 3.359066026741790445e+00
5.659432689750328871e-01 7.905694150420948807e-01 7.074203879223132096e-01 3.361916752434957800e+00
5.716637974770939490e-01 7.954951288348659499e-01 6.973071718106593764e-01 3.364914370769191532e+00
5.774599080452498256e-01 8.003905296791060664e-01 6.870901017165378377e-01 3.368009634503666749e+00
5.833346294206367411e-01 8.052561704203203830e-01 6.767698720912386223e-01 3.371146486246145990e+00
5.892909903443899200e-01 8.100925873009825473e-01 6.663481755619218294e-01 3.374261602559366580e+00
5.953320195576445872e-01 8.149003006503311441e-01 6.558256698392342932e-01 3.377283883838060330e+00
6.014607458015367447e-01 8.196798155377500450e-01 6.452026068928172764e-01 3.380133867986554908e+00
6.076801978172016172e-01 8.244316223920574727e-01 6.344816062502358633e-01 3.382723041591239266e+00
6.139934043457748736e-01 8.291561975888499525e-01 6.236615429889172946e-01 3.384953018487373733e+00
6.204033941283919606e-01 8.338540040078958882e-01 6.127445145254329928e-01 3.386714552887661434e+00
6.269131959061884363e-01 8.385254915624211769e-01 6.017309378855081325e-01 3.387886353192695044e+00
6.335258384202996362e-01 8.431710977020026032e-01 5.906223646939298133e-01 3.388333663950627628e+00
6.402443504118610074e-01 8.477912478906585170e-01 5.794188931625156025e-01 3.387906587959795601e+00
6.470717606220086626e-01 8.523863560616159463e-01 5.681227086352375055e-01 3.386438129060937552e+00
6.540110977918773827e-01 8.569568250501304885e-01 5.567327095702098161e-01 3.383741949656467352e+00
6.610653906626030585e-01 8.615030470056388445e-01 5.452522260917929131e-01 3.379609856417225444e+00
6.682376679753211368e-01 8.660254037844385966e-01 5.336806430212185370e-01 3.373809054113105610e+00
6.755309533895138552e-01 8.705242673240074502e-01 5.220193223853007991e-01 3.366079248416361747e+00
6.829482486658157159e-01 8.750000000000000000e-01 5.102693031816211144e-01 3.356129737739030894e+00
6.904925496671580065e-01 8.794529549668930191e-01 4.984313140267550568e-01 3.343636619826304557e+00
6.981668522563876378e-01 8.838834764831844382e-01 4.865058760909574120e-01 3.328240382388505836e+00
7.059741522963517424e-01 8.882919002219934468e-01 4.744947591217838490e-01 3.309544216540234451e+00
7.139174456498971200e-01 8.926785535678563033e-01 4.623981105073364239e-01 3.287113483020141391e+00
7.219997281798715694e-01 8.970437559004577066e-01 4.502171810019220954e-01 3.260476881944796901e+00
7.302239957491214462e-01 9.013878188659972812e-01 4.379529087613047156e-01 3.229130002552511591e+00
7.385932442204938830e-01 9.057110466368398782e-01 4.256058881328141918e-01 3.192542051309246620e+00
7.471104694568366789e-01 9.100137361600647568e-01 4.131765165637800719e-01 3.150166651862488010e+00
7.557786673209964112e-01 9.142961773954870752e-01 4.006651802427771414e-01 3.101457642359431777e+00
7.646008336758201018e-01 9.185586535436918165e-01 3.880716777052871103e-01 3.045890713459642463e+00
7.735799643841551054e-01 9.228014412645875186e-01 3.753937952484802110e-01 2.982991469927921191e+00
7.827190553088479996e-01 9.270248108869578729e-01 3.626305028093545491e-01 2.912369991340107767e+00
7.920211023127468053e-01 9.312290266094587210e-01 3.497742577991604929e-01 2.833761157540987341e+00
8.014891012586975449e-01 9.354143466934853324e-01 3.368143739408963055e-01 2.747068878038563700e+00
8.111295090685418652e-01 9.395810236483067568e-01 3.237317767560610737e-01 2.652375907175269720e+00
8.209631522011034965e-01 9.437293044088437277e-01 3.104907230822658848e-01 2.549858296803951152e+00
8.310145857695451221e-01 9.478594305064438341e-01 2.970296028147396128e-01 2.439905585129007015e+00
8.413083648939001513e-01 9.519716382329885818e-01 2.832400835956946916e-01 2.323195632803965349e+00
8.518690446942042138e-01 9.560661587986472032e-01 2.689418039523953086e-01 2.200723864090763815e+00
8.627211802904906079e-01 9.601432184835759776e-01 2.538360839010497805e-01 2.073811713639488019e+00
8.738893268027942973e-01 9.642030387838445016e-01 2.374528063130207090e-01 1.944086857341109420e+00
8.853980393511492464e-01 9.682458365518542553e-01 2.191172287773917038e-01 1.813430350467113206e+00
8.972779671284761838e-01 9.722718241315028154e-01 1.980129076037117908e-01 1.683825549812553835e+00
9.095885913025784086e-01 9.762812094883317471e-01 1.735234095976218860e-01 1.557038747540128831e+00
9.223979113428256715e-01 9.802741963348826637e-01 1.459733967709548885e-01 1.434799699954220298e+00
9.357739279805122878e-01 9.842509842514762797e-01 1.173925871389503578e-01 1.318810699866202141e+00
9.498387997072275102e-01 9.882117688026185176e-01 9.116760560530043356e-02 1.210249482878333227e+00
9.649502576836818113e-01 9.921567416492215186e-01 7.015432544141446403e-02 1.108805386134496862e+00
9.815300684923123908e-01 9.960860906568266282e-01 5.510978786577412636e-02 1.014664844210612982e+00
1.000000000000000000e+00 1.000000000000000000e+00 4.514900000000000163e-02 9.289063838964367603e-01
