# 1.rho_tor 2.rho_pol 3.Te(keV) 4.ne(10^19m^-3)
#
0.000000000000000000e+00 0.000000000000000000e+00 8.107050000000000090e-01 4.451249061426643117e+00
5.626367770955685577e-02 8.838834764831837720e-02 8.132492932109843808e-01 4.445059565657058620e+00
8.000803265825813526e-02 1.249999999999999029e-01 8.154631006702806051e-01 4.439138429124784402e+00
9.800706539993418731e-02 1.530931089239485066e-01 8.173525562418058055e-01 4.433320339350628636e+00
1.132642571983274588e-01 1.767766952966367544e-01 8.189208417518263339e-01 4.427609204461744774e+00
1.268442891172583409e-01 1.976423537605238034e-01 8.201744598694374888e-01 4.421987712795634629e+00
1.391826926263355357e-01 2.165063509461097324e-01 8.211182945098747243e-01 4.416454508524359390e+00
1.505206405508532352e-01 2.338535866733713608e-01 8.217575737687060622e-01 4.411015277811137558e+00
1.610992481853316671e-01 2.500000000000000000e-01 8.220975204873173237e-01 4.405662836443440256e+00
1.711305254641022067e-01 2.651650429449552981e-01 8.221433599104622791e-01 4.400404761452055169e+00
1.806938351533607934e-01 2.795084971874736701e-01 8.219002675890364484e-01 4.395226321763969324e+00
1.898307719138962735e-01 2.931509849889643027e-01 8.213734995641596148e-01 4.390141484310560394e+00
1.985829276797321519e-01 3.061862178478973462e-01 8.205682408622609891e-01 4.385140001577464197e+00
2.069918943848916004e-01 3.186887195995491417e-01 8.194897684009568861e-01 4.380236693743370324e+00
2.150992639633979853e-01 3.307189138830738395e-01 8.181434823509086129e-01 4.375409640181114668e+00
2.229466283492745893e-01 3.423265984407288243e-01 8.165345946167776869e-01 4.370680983923183938e+00
2.305755794765448896e-01 3.535533905932737864e-01 8.146683449993368242e-01 4.366032330208403422e+00
2.380233981705761337e-01 3.644344934278312964e-01 8.125497088234553411e-01 4.361477204207456104e+00
2.453049600925721052e-01 3.749999999999999445e-01 8.101838482546070974e-01 4.357000104594375145e+00
2.524278850996787837e-01 3.852758751855611119e-01 8.075760348939124977e-01 4.352612916851143154e+00
2.593997893344279770e-01 3.952847075210473293e-01 8.047317089228305242e-01 4.348315472207661792e+00
2.662282889393524643e-01 4.050462936504912737e-01 8.016562687369801488e-01 4.344104770479767730e+00
2.729210000569840533e-01 4.145780987944250318e-01 7.983548557520889766e-01 4.339973220100552531e+00
2.794855388298551069e-01 4.238956239453292585e-01 7.948324279619599642e-01 4.335926063351757342e+00
2.859295214004978769e-01 4.330127018922192983e-01 7.910938598253641763e-01 4.331973299782021947e+00
2.922605639114445597e-01 4.419417382415922191e-01 7.871454903593394503e-01 4.328100548557892502e+00
2.984862825052275181e-01 4.506939094329986406e-01 7.829913662247122152e-01 4.324312314663005807e+00
3.046142933243788375e-01 4.592793267718458528e-01 7.786371526011759414e-01 4.320607973594524864e+00
3.106522125114308808e-01 4.677071733467427217e-01 7.740882202989899374e-01 4.316981992861505191e+00
3.166076562089155666e-01 4.759858191164942354e-01 7.693497215876825557e-01 4.313448285978970453e+00
3.224882405593653689e-01 4.841229182759271277e-01 7.644279912601402716e-01 4.309992340020053270e+00
3.283015817053127616e-01 4.921254921257381953e-01 7.593263399496178456e-01 4.306617097764280366e+00
3.340552957892894415e-01 5.000000000000000000e-01 7.540513321948997261e-01 4.303321656790572547e+00
3.397562419415552371e-01 5.077524002897475519e-01 7.486077712293662811e-01 4.300106107956924717e+00
3.454074904414968783e-01 5.153882032022075732e-01 7.430002080203986781e-01 4.296967092750592521e+00
3.510109286576470478e-01 5.229125165837972267e-01 7.372342486447324150e-01 4.293892417316238053e+00
3.565684435640850691e-01 5.303300858899105963e-01 7.313159962833684080e-01 4.290902587895359055e+00
3.620819221348907102e-01 5.376453291901642784e-01 7.252506526546554921e-01 4.287988128605314309e+00
3.675532513441435167e-01 5.448623679425842470e-01 7.190417229251594433e-01 4.285146971641499825e+00
3.729843181659229234e-01 5.519850541454904835e-01 7.126957526452368796e-01 4.282377113256660373e+00
3.783770095743086981e-01 5.590169943749474513e-01 7.062184910727832277e-01 4.279675523484173461e+00
3.837332125433801644e-01 5.659615711335885813e-01 6.996130587959691338e-01 4.277046263083961186e+00
3.890548140472170346e-01 5.728219618694799786e-01 6.928867425155731397e-01 4.274489641374842108e+00
3.943437010598988546e-01 5.796011559684813852e-01 6.860448866700034065e-01 4.271999837883552864e+00
3.996017605555050034e-01 5.863019699779287164e-01 6.790910736008750614e-01 4.269573178634201938e+00
4.048308795081151934e-01 5.929270612815711328e-01 6.720308477980321271e-01 4.267209599129710540e+00
4.100329448918090258e-01 5.994789404140898892e-01 6.648712134296517196e-01 4.264909224042966684e+00
4.152098436806659909e-01 6.059599821770411676e-01 6.576150262021568382e-01 4.262671295029731411e+00
4.203634628487655789e-01 6.123724356957944703e-01 6.502690823239402063e-01 4.260492598173510892e+00
4.254956893701873910e-01 6.187184335382290845e-01 6.428383128021045723e-01 4.258369273489171825e+00
4.306084102190111951e-01 6.250000000000000000e-01 6.353272686360800225e-01 4.256297178824076433e+00
4.357035123693162593e-01 6.312190586476298382e-01 6.277421292077546289e-01 4.254271986558534557e+00
4.407828827951822404e-01 6.373774391990980615e-01 6.200876163011760367e-01 4.252289059399370075e+00
4.458484084706886286e-01 6.434768838116875500e-01 6.123687014769360060e-01 4.250343660495833120e+00
4.509019763699150807e-01 6.495190528383290030e-01 6.045916288555776008e-01 4.248430640031345185e+00
4.559454734669411979e-01 6.555055301063447137e-01 5.967610128707901973e-01 4.246545242347804283e+00
4.609807867358463596e-01 6.614378277661476790e-01 5.888815130506259710e-01 4.244682859126837293e+00
4.660098031507102223e-01 6.673173907519569514e-01 5.809582422820032122e-01 4.242838473686832756e+00
4.710344096856124430e-01 6.731456008918129674e-01 5.729979731565280066e-01 4.241003386696880817e+00
4.760564933146325117e-01 6.789237807000134683e-01 5.650049120851788897e-01 4.239164168083463302e+00
4.810779410118498078e-01 6.846531968814576485e-01 5.569841191045706852e-01 4.237310687607656057e+00
4.861006397513440991e-01 6.903350635742038222e-01 5.489407611777592511e-01 4.235443826773637177e+00
4.911264765071948757e-01 6.959705453537526898e-01 5.408807733180940325e-01 4.233557578979120883e+00
4.961573382534816834e-01 7.015607600201140270e-01 5.328086184644641454e-01 4.231632449595894130e+00
5.011951119642841235e-01 7.071067811865475727e-01 5.247309464000233792e-01 4.229662344458805734e+00
5.062416557174810317e-01 7.126096406869611988e-01 5.166512782933566639e-01 4.227643639068209502e+00
5.112986934126425576e-01 7.180703308172535770e-01 5.085754093131813480e-01 4.225559334179894933e+00
5.163679100321042492e-01 7.234898064243890925e-01 5.005078504025981534e-01 4.223400164232536724e+00
5.214509905540808399e-01 7.288689868556625928e-01 4.924549512826946196e-01 4.221158792732829568e+00
5.265496199567877289e-01 7.342087577794206288e-01 4.844217361626022567e-01 4.218828544076997922e+00
5.316654832184396495e-01 7.395099728874520162e-01 4.764135247079033797e-01 4.216403353522292008e+00
5.368002653172517791e-01 7.447734554883115310e-01 4.684346365716164917e-01 4.213885488982251459e+00
5.419556512314391838e-01 7.500000000000000000e-01 4.604910524853772502e-01 4.211263374700319417e+00
5.471333259392169301e-01 7.551903733496607707e-01 4.525882441158496361e-01 4.208526061675706309e+00
5.523349744187997512e-01 7.603453162872774174e-01 4.447300592812201692e-01 4.205661268877925352e+00
5.575622816484030464e-01 7.654655446197431434e-01 4.369237026494001142e-01 4.202676280809034104e+00
5.628169326062416600e-01 7.705517503711220018e-01 4.291720434811600593e-01 4.199550452273781431e+00
5.681006122705305472e-01 7.756046028744285614e-01 4.214826029876879709e-01 4.196275278369650863e+00
5.734150056194848855e-01 7.806247497997997886e-01 4.138588285252300381e-01 4.192841509093767627e+00
5.787617976313197410e-01 7.856128181235334518e-01 4.063074963837931541e-01 4.189228686496114129e+00
5.841426732842498470e-01 7.905694150420948807e-01 3.988323115775732064e-01 4.185428791523675862e+00
5.895596002443396211e-01 7.954951288348659499e-01 3.914400452137383746e-01 4.181435377995742719e+00
5.950158106901071164e-01 8.003905296791060664e-01 3.841342250397890568e-01 4.177217969592724955e+00
6.005148902318744319e-01 8.052561704203203830e-01 3.769217479091672707e-01 4.172757168604757538e+00
6.060604244963206932e-01 8.100925873009825473e-01 3.698061826417936016e-01 4.168046433025030417e+00
6.116559991101250260e-01 8.149003006503311441e-01 3.627936235211146054e-01 4.163017105106727733e+00
6.173051996999665558e-01 8.196798155377500450e-01 3.558894039225533046e-01 4.157633802886452123e+00
6.230116118925238533e-01 8.244316223920574727e-01 3.490985303645434135e-01 4.151841154967470082e+00
6.287788213144769323e-01 8.291561975888499525e-01 3.424264954962125684e-01 4.145580593055890439e+00
6.346104135925042522e-01 8.338540040078958882e-01 3.358790051618363859e-01 4.138795766290975564e+00
6.405099743532852719e-01 8.385254915624211769e-01 3.294591730099111770e-01 4.131441034948634794e+00
6.464810892234991169e-01 8.431710977020026032e-01 3.231733561459477766e-01 4.123464736959677523e+00
6.525273438298244688e-01 8.477912478906585170e-01 3.170276540887151939e-01 4.114792606877398562e+00
6.586523237989408974e-01 8.523863560616159463e-01 3.110266046568211373e-01 4.105387112644305780e+00
6.648596147575275284e-01 8.569568250501304885e-01 3.051744659926962089e-01 4.095192760961382739e+00
6.711528023322633763e-01 8.615030470056388445e-01 2.994774306699226618e-01 4.084152958993404248e+00
6.775354721498271227e-01 8.660254037844385966e-01 2.939405537033047966e-01 4.072214592361342866e+00
6.840122198123366193e-01 8.705242673240074502e-01 2.885701199393617133e-01 4.059341138764521517e+00
6.905919933042498071e-01 8.750000000000000000e-01 2.833695361720336425e-01 4.045449201142117701e+00
6.972849127749924936e-01 8.794529549668930191e-01 2.783442256773307477e-01 4.030500164945290287e+00
7.041010983906541565e-01 8.838834764831844382e-01 2.735008249393729440e-01 4.014453180448621872e+00
7.110506703173233856e-01 8.882919002219934468e-01 2.688429007331655241e-01 3.997370306649224769e+00
7.181437487210895476e-01 8.926785535678563033e-01 2.643759985030702531e-01 3.979327527847393409e+00
7.253904537680411213e-01 8.970437559004577066e-01 2.601057556353714162e-01 3.960377439218602635e+00
7.328009056242676955e-01 9.013878188659972812e-01 2.560366445632608623e-01 3.940597527843418213e+00
7.403852244558580820e-01 9.057110466368398782e-01 2.521722850592869603e-01 3.920069754479615032e+00
7.481535304289012034e-01 9.100137361600647568e-01 2.485186784632438250e-01 3.898859661928566478e+00
7.561159437094862046e-01 9.142961773954870752e-01 2.450773179658032319e-01 3.877059803221850398e+00
7.642825844637021193e-01 9.185586535436918165e-01 2.418530672156260497e-01 3.854746730934765164e+00
7.726635728576380924e-01 9.228014412645875186e-01 2.388440591789008083e-01 3.832022306456129623e+00
7.812690290573828245e-01 9.270248108869578729e-01 2.360470881583607294e-01 3.809000059551920891e+00
7.901090732290252383e-01 9.312290266094587210e-01 2.334527255683797042e-01 3.785783879547507613e+00
7.991938255386549228e-01 9.354143466934853324e-01 2.310452096723706883e-01 3.762455386283595438e+00
8.085371067748903240e-01 9.395810236483067568e-01 2.287778339336128675e-01 3.738402282304493784e+00
8.181681018771470582e-01 9.437293044088437277e-01 2.265721444031979226e-01 3.712602419943962229e+00
8.281199825248178881e-01 9.478594305064438341e-01 2.243161458596180102e-01 3.684115096846392046e+00
8.384259204046415892e-01 9.519716382329885818e-01 2.217570998985365638e-01 3.652120168509677356e+00
8.491190872033587134e-01 9.560661587986472032e-01 2.185333027473682632e-01 3.615914992170352171e+00
8.602326546077075919e-01 9.601432184835759776e-01 2.140075040785094362e-01 3.574897506649193701e+00
8.717997943044295539e-01 9.642030387838445016e-01 2.072237624548165513e-01 3.528530801085962398e+00
8.838536779802629306e-01 9.682458365518542553e-01 1.968655522120137391e-01 3.471409384695306244e+00
8.964123462880972948e-01 9.722718241315028154e-01 1.814860955262868891e-01 3.388626491572710453e+00
9.094222526851936106e-01 9.762812094883318581e-01 1.602122890470601690e-01 3.259594143018332613e+00
9.228087004535907578e-01 9.802741963348826637e-01 1.338323819394100778e-01 3.055260710461904061e+00
9.364969897420839517e-01 9.842509842514763907e-01 1.053179399620724488e-01 2.749685837164014046e+00
9.505183234705538720e-01 9.882117688026185176e-01 7.872452801148153989e-02 2.349914576537427191e+00
9.653645550421513510e-01 9.921567416492215186e-01 5.704528723054312633e-02 1.916367476561724237e+00
9.816527559002773407e-01 9.960860906568266282e-01 4.113526780017862788e-02 1.530662913431230621e+00
1.000000000000000000e+00 1.000000000000000000e+00 3.043799999999999978e-02 1.244159999999999933e+00
