# 1.rho_tor 2.rho_pol 3.Tz(keV) 4.nz(10^19m^-3)
#
0.000000000000000000e+00 0.000000000000000000e+00 9.888840000000002073e-01 4.789849454269234919e-02
5.626367770955685577e-02 8.838834764831837720e-02 9.871778247740639056e-01 5.041784233052282876e-02
8.000803265825813526e-02 1.249999999999999029e-01 9.854392553550468392e-01 5.266442686023761754e-02
9.800706539993418731e-02 1.530931089239485066e-01 9.836348583275117408e-01 5.465537506253796002e-02
1.132642571983274588e-01 1.767766952966367544e-01 9.817341545691670168e-01 5.640086816475272519e-02
1.268442891172583409e-01 1.976423537605238034e-01 9.797034128708465017e-01 5.791054371448135785e-02
1.391826926263355357e-01 2.165063509461097324e-01 9.775105656773277474e-01 5.919652570601772329e-02
1.505206405508532352e-01 2.338535866733713608e-01 9.751230789926315090e-01 6.027314959212079493e-02
1.610992481853316671e-01 2.500000000000000000e-01 9.725089835267102245e-01 6.114674951546128501e-02
1.711305254641022067e-01 2.651650429449552981e-01 9.696362058221157376e-01 6.183223686867367341e-02
1.806938351533607934e-01 2.795084971874736701e-01 9.664721025502928109e-01 6.233659267763226597e-02
1.898307719138962735e-01 2.931509849889643027e-01 9.629838332040661086e-01 6.267529234643011427e-02
1.985829276797321519e-01 3.061862178478973462e-01 9.591387496453795958e-01 6.285520191036225723e-02
2.069918943848916004e-01 3.186887195995491417e-01 9.549045950001572303e-01 6.289081826143942677e-02
2.150992639633979853e-01 3.307189138830738395e-01 9.502492239266302487e-01 6.279121399078364807e-02
2.229466283492745893e-01 3.423265984407288243e-01 9.451402217265740813e-01 6.256888562286155864e-02
2.305755794765448896e-01 3.535533905932737864e-01 9.395459481915393596e-01 6.223187900534169620e-02
2.380233981705761337e-01 3.644344934278312964e-01 9.334340767503455094e-01 6.179360884324187897e-02
2.453049600925721052e-01 3.749999999999999445e-01 9.267701855813176293e-01 6.126301478476076784e-02
2.524278850996787837e-01 3.852758751855611119e-01 9.195241218477756551e-01 6.065320521985460150e-02
2.593997893344279770e-01 3.952847075210473293e-01 9.116620858171636810e-01 5.997546487180287905e-02
2.662282889393524643e-01 4.050462936504912737e-01 9.031507083680838655e-01 5.924057403634688107e-02
2.729210000569840533e-01 4.145780987944250318e-01 8.939593016591292907e-01 5.845827464400554091e-02
2.794855388298551069e-01 4.238956239453292585e-01 8.840579682473727052e-01 5.764024712161689573e-02
2.859295214004978769e-01 4.330127018922192983e-01 8.734137229153650095e-01 5.679877948496104417e-02
2.922605639114445597e-01 4.419417382415922191e-01 8.619809948904354480e-01 5.594238492654277778e-02
2.984862825052275181e-01 4.506939094329986406e-01 8.497442800108448990e-01 5.508386730057878572e-02
3.046142933243788375e-01 4.592793267718458528e-01 8.367598739014914244e-01 5.423581516777854078e-02
3.106522125114308808e-01 4.677071733467427217e-01 8.231480311589561838e-01 5.340638426414502649e-02
3.166076562089155666e-01 4.759858191164942354e-01 8.090738882092469719e-01 5.260837603478022567e-02
3.224882405593653689e-01 4.841229182759271277e-01 7.946851983424290111e-01 5.185629369583752424e-02
3.283015817053127616e-01 4.921254921257381953e-01 7.801294051549919617e-01 5.116422516009464655e-02
3.340552957892894415e-01 5.000000000000000000e-01 7.655596203661209076e-01 5.053881238919728097e-02
3.397562419415552371e-01 5.077524002897475519e-01 7.511241524097478361e-01 4.998622921590811091e-02
3.454074904414968783e-01 5.153882032022075732e-01 7.369738632283273638e-01 4.951204298307337881e-02
3.510109286576470478e-01 5.229125165837972267e-01 7.232572371356632557e-01 4.912047229996700792e-02
3.565684435640850691e-01 5.303300858899105963e-01 7.101242802430141055e-01 4.882086764190911310e-02
3.620819221348907102e-01 5.376453291901642784e-01 6.977327838141265115e-01 4.861768701264063131e-02
3.675532513441435167e-01 5.448623679425842470e-01 6.862111496752848483e-01 4.851165701325687446e-02
3.729843181659229234e-01 5.519850541454904835e-01 6.757126902203599572e-01 4.849872603675866450e-02
3.783770095743086981e-01 5.590169943749474513e-01 6.664801826832070786e-01 4.857581832916254422e-02
3.837332125433801644e-01 5.659615711335885813e-01 6.586973434063477795e-01 4.874526305506576840e-02
3.890548140472170346e-01 5.728219618694799786e-01 6.524379758217229153e-01 4.900820453200049193e-02
3.943437010598988546e-01 5.796011559684813852e-01 6.477644788613485805e-01 4.936383637728897905e-02
3.996017605555050034e-01 5.863019699779287164e-01 6.447401676139664639e-01 4.981298207202249778e-02
4.048308795081151934e-01 5.929270612815711328e-01 6.434401770945165078e-01 5.035533412276606280e-02
4.100329448918090258e-01 5.994789404140898892e-01 6.439416558635785437e-01 5.099108766379963076e-02
4.152098436806659909e-01 6.059599821770411676e-01 6.462761025112000457e-01 5.172209069041937279e-02
4.203634628487655789e-01 6.123724356957944703e-01 6.502331065787280151e-01 5.254549691667442096e-02
4.254956893701873910e-01 6.187184335382290845e-01 6.554282177207031435e-01 5.346571679798804017e-02
4.306084102190111951e-01 6.250000000000000000e-01 6.614490392625188564e-01 5.447855181008431913e-02
4.357035123693162593e-01 6.312190586476298382e-01 6.680224020939423690e-01 5.558654525182211287e-02
4.407828827951822404e-01 6.373774391990980615e-01 6.749486460409162003e-01 5.677967750165995725e-02
4.458484084706886286e-01 6.434768838116875500e-01 6.819624601670948305e-01 5.805535887644835968e-02
4.509019763699150807e-01 6.495190528383290030e-01 6.886734015809904408e-01 5.940562839549951707e-02
4.559454734669411979e-01 6.555055301063447137e-01 6.946827883325060737e-01 6.082517855385995154e-02
4.609807867358463596e-01 6.614378277661476790e-01 6.997345731959332404e-01 6.230588960100010010e-02
4.660098031507102223e-01 6.673173907519569514e-01 7.037463813675364221e-01 6.384491696557111073e-02
4.710344096856124430e-01 6.731456008918129674e-01 7.066407445737207249e-01 6.543217010775094489e-02
4.760564933146325117e-01 6.789237807000134683e-01 7.083370366002816887e-01 6.706189275670951244e-02
4.810779410118498078e-01 6.846531968814576485e-01 7.087543219645200399e-01 6.872740760647269576e-02
4.861006397513440991e-01 6.903350635742038222e-01 7.078121544728929182e-01 7.042335978982917910e-02
4.911264765071948757e-01 6.959705453537526898e-01 7.054631712666333820e-01 7.214356852927104879e-02
4.961573382534816834e-01 7.015607600201140270e-01 7.017292693050176666e-01 7.388058413614134734e-02
5.011951119642841235e-01 7.071067811865475727e-01 6.967510182461902346e-01 7.562601970790672201e-02
5.062416557174810317e-01 7.126096406869611988e-01 6.906889737256571848e-01 7.737788022446311087e-02
5.112986934126425576e-01 7.180703308172535770e-01 6.836255882732167333e-01 7.912558606295463925e-02
5.163679100321042492e-01 7.234898064243890925e-01 6.755862309139604172e-01 8.086559795344097634e-02
5.214509905540808399e-01 7.288689868556625928e-01 6.666175799648951239e-01 8.259362352485825898e-02
5.265496199567877289e-01 7.342087577794206288e-01 6.567920346230146089e-01 8.431268647279752115e-02
5.316654832184396495e-01 7.395099728874520162e-01 6.461753435306788473e-01 8.602408354294237280e-02
5.368002653172517791e-01 7.447734554883115310e-01 6.348245370402747501e-01 8.773296317394384258e-02
5.419556512314391838e-01 7.500000000000000000e-01 6.228030039186795985e-01 8.943928163879089066e-02
5.471333259392169301e-01 7.551903733496607707e-01 6.101726514888211605e-01 9.114813513558357727e-02
5.523349744187997512e-01 7.603453162872774174e-01 5.969961577837537003e-01 9.285674746417875436e-02
5.575622816484030464e-01 7.654655446197431434e-01 5.833343386407153774e-01 9.457308709443379424e-02
5.628169326062416600e-01 7.705517503711220018e-01 5.692503855162941440e-01 9.629840142250584156e-02
5.681006122705305472e-01 7.756046028744285614e-01 5.548046210434093295e-01 9.803273583097732446e-02
5.734150056194848855e-01 7.806247497997997886e-01 5.400597254055169438e-01 9.978036153220928850e-02
5.787617976313197410e-01 7.856128181235334518e-01 5.250772502327735181e-01 1.015422957724867181e-01
5.841426732842498470e-01 7.905694150420948807e-01 5.099196384458247744e-01 1.033234826648077725e-01
5.895596002443396211e-01 7.954951288348659499e-01 4.946486469533057373e-01 1.051231029613070994e-01
5.950158106901071164e-01 8.003905296791060664e-01 4.793258599031483547e-01 1.069460063010994749e-01
6.005148902318744319e-01 8.052561704203203830e-01 4.640135902735400553e-01 1.087935893391717701e-01
6.060604244963206932e-01 8.100925873009825473e-01 4.487734786355956906e-01 1.106685982857388006e-01
6.116559991101250260e-01 8.149003006503311441e-01 4.336674582070187967e-01 1.125764420525555698e-01
6.173051996999665558e-01 8.196798155377500450e-01 4.187571356718345905e-01 1.145226793507983371e-01
6.230116118925238533e-01 8.244316223920574727e-01 4.041047094067836132e-01 1.165149489142463246e-01
6.287788213144769323e-01 8.291561975888499525e-01 3.897721146163205530e-01 1.185573308818198557e-01
6.346104135925042522e-01 8.338540040078958882e-01 3.758199126482447139e-01 1.206568316085228770e-01
6.405099743532852719e-01 8.385254915624211769e-01 3.623099627831145586e-01 1.228200121958808316e-01
6.464810892234991169e-01 8.431710977020026032e-01 3.492717213280402411e-01 1.250553944654183014e-01
6.525273438298244688e-01 8.477912478906585170e-01 3.366967649434512433e-01 1.273654824078172265e-01
6.586523237989408974e-01 8.523863560616159463e-01 3.245754765587277046e-01 1.297595168707214031e-01
6.648596147575275284e-01 8.569568250501304885e-01 3.128996208048326899e-01 1.322438081716888758e-01
6.711528023322633763e-01 8.615030470056388445e-01 3.016591707848527149e-01 1.348247772519398091e-01
6.775354721498271227e-01 8.660254037844385966e-01 2.908449296827519959e-01 1.375061741117109548e-01
6.840122198123366193e-01 8.705242673240074502e-01 2.804475270793226338e-01 1.402997450316630645e-01
6.905919933042498071e-01 8.750000000000000000e-01 2.704579217380503331e-01 1.432097467663004942e-01
6.972849127749924936e-01 8.794529549668930191e-01 2.608659879699413708e-01 1.462444969515707127e-01
7.041010983906541565e-01 8.838834764831844382e-01 2.516628443018953942e-01 1.493962993474944878e-01
7.110506703173233856e-01 8.882919002219934468e-01 2.428395973214806380e-01 1.526251556513660845e-01
7.181437487210895476e-01 8.926785535678563033e-01 2.343852687367931620e-01 1.558895866352607296e-01
7.253904537680411213e-01 8.970437559004577066e-01 2.262912060840843453e-01 1.591359631985493073e-01
7.328009056242676955e-01 9.013878188659972812e-01 2.185482635737698021e-01 1.623222241704631030e-01
7.403852244558580820e-01 9.057110466368398782e-01 2.111467365204364455e-01 1.653999640004889249e-01
7.481535304289012034e-01 9.100137361600647568e-01 2.040772403293703852e-01 1.683220259552860865e-01
7.561159437094862046e-01 9.142961773954870752e-01 1.973301384211462728e-01 1.710405840747920014e-01
7.642825844637021193e-01 9.185586535436918165e-01 1.908964701120608731e-01 1.735074238529586421e-01
7.726635728576380924e-01 9.228014412645875186e-01 1.847660622439624423e-01 1.756709248482754560e-01
7.812690290573828245e-01 9.270248108869578729e-01 1.789302467143566722e-01 1.774861202210582523e-01
7.901090732290252383e-01 9.312290266094587210e-01 1.733789578812560406e-01 1.788993820572891968e-01
7.991938255386549228e-01 9.354143466934853324e-01 1.681035843976978750e-01 1.798664103045344020e-01
8.085371067748903240e-01 9.395810236483067568e-01 1.630953569331595743e-01 1.803617850568715042e-01
8.181681018771470582e-01 9.437293044088437277e-01 1.583437159420636176e-01 1.803783783033267307e-01
8.281199825248178881e-01 9.478594305064438341e-01 1.538396748187068064e-01 1.798968859746394033e-01
8.384259204046415892e-01 9.519716382329885818e-01 1.495740313800978105e-01 1.788813377161665163e-01
8.491190872033587134e-01 9.560661587986472032e-01 1.455366818361321368e-01 1.772645063934182585e-01
8.602326546077075919e-01 9.601432184835759776e-01 1.417190836282069821e-01 1.748985757690565968e-01
8.717997943044295539e-01 9.642030387838445016e-01 1.381113629159907707e-01 1.715892143290324301e-01
8.838536779802629306e-01 9.682458365518542553e-01 1.347034575784945842e-01 1.670040680667092270e-01
8.964123462880972948e-01 9.722718241315028154e-01 1.314874474177845365e-01 1.604306047990392003e-01
9.094222526851936106e-01 9.762812094883318581e-01 1.284514550696893298e-01 1.507462491252664349e-01
9.228087004535907578e-01 9.802741963348826637e-01 1.255890414863235771e-01 1.364131363415842790e-01
9.364969897420839517e-01 9.842509842514763907e-01 1.228876022982923338e-01 1.164653497145920202e-01
9.505183234705538720e-01 9.882117688026185176e-01 1.203418316840285940e-01 9.229346577308235322e-02
9.653645550421513510e-01 9.921567416492215186e-01 1.179435696309327486e-01 6.792438133553309332e-02
9.816527559002773407e-01 9.960860906568266282e-01 1.156801490580572356e-01 4.832470703478210228e-02
1.000000000000000000e+00 1.000000000000000000e+00 1.135869999999999935e-01 3.590606755041918230e-02
