# 1.rho_tor 2.rho_pol 3.Ti(keV) 4.ni(10^19m^-3)
#
0.000000000000000000e+00 0.000000000000000000e+00 1.221553511678123538e+00 6.921690000000001675e+00
5.320527902240441975e-02 8.838834764831821067e-02 1.203130705778580722e+00 6.769370077472637526e+00
7.557542376373038717e-02 1.250000000000000000e-01 1.191947146862191831e+00 6.684462529391352881e+00
9.264725649654931283e-02 1.530931089239485066e-01 1.182100786942362314e+00 6.613511362626456780e+00
1.071389049935659171e-01 1.767766952966368932e-01 1.172923355376182419e+00 6.550675293605146443e+00
1.200633440837331062e-01 1.976423537605236092e-01 1.164224444339028386e+00 6.493813685864180840e+00
1.318336346140430160e-01 2.165063509461096769e-01 1.155909069391243715e+00 6.441852566624626242e+00
1.426774885086583566e-01 2.338535866733712498e-01 1.147923417813607294e+00 6.393998883997792149e+00
1.528225628278748194e-01 2.500000000000000000e-01 1.140236652514772686e+00 6.349627061304433440e+00
1.624689763563940681e-01 2.651650429449552426e-01 1.132828603608535767e+00 6.308266769935843676e+00
1.716913426713168322e-01 2.795084971874737256e-01 1.125674042367663663e+00 6.269561381286466784e+00
1.805285407466126479e-01 2.931509849889643027e-01 1.118749339607315374e+00 6.233247514313337234e+00
1.890194469762994933e-01 3.061862178478972907e-01 1.112034815353600603e+00 6.199106961098117097e+00
1.972029377543950412e-01 3.186887195995490307e-01 1.105512982976906811e+00 6.166951371349155941e+00
2.051178894749172699e-01 3.307189138830738395e-01 1.099170079421968982e+00 6.136635766038816442e+00
2.128031785318839075e-01 3.423265984407287688e-01 1.092994933711860295e+00 6.108010929767985431e+00
2.202976813193128491e-01 3.535533905932737864e-01 1.086976701559787317e+00 6.080943677014822413e+00
2.276362192528090245e-01 3.644344934278312409e-01 1.081104999931489896e+00 6.055349947710485736e+00
2.348325397124393921e-01 3.750000000000000555e-01 1.075371653137314087e+00 6.031119415868596789e+00
2.418935653537809816e-01 3.852758751855610009e-01 1.069769580907986128e+00 6.008158795064344027e+00
2.488262153384888375e-01 3.952847075210474403e-01 1.064292353000013236e+00 5.986386311640924163e+00
2.556374088282176715e-01 4.050462936504912181e-01 1.058933355545115473e+00 5.965727216081681661e+00
2.623340649846224171e-01 4.145780987944250318e-01 1.053686711662275677e+00 5.946091035283530779e+00
2.689231029693580077e-01 4.238956239453292585e-01 1.048547912571783591e+00 5.927424570235688250e+00
2.754114419440792383e-01 4.330127018922192428e-01 1.043511589033210951e+00 5.909677635369217086e+00
2.818060010704411811e-01 4.419417382415922191e-01 1.038573043961292797e+00 5.892811431932622135e+00
2.881136995100986309e-01 4.506939094329986961e-01 1.033727673399454039e+00 5.876760092128288981e+00
2.943414564247062715e-01 4.592793267718459083e-01 1.028971717524054696e+00 5.861477277028133592e+00
3.004961909759192862e-01 4.677071733467426107e-01 1.024302555461487296e+00 5.846903172157937867e+00
3.065848223253925808e-01 4.759858191164942909e-01 1.019712707582915989e+00 5.832982717847762011e+00
3.126142696347808392e-01 4.841229182759271277e-01 1.015186024502543916e+00 5.819674498976123544e+00
3.185914520657388560e-01 4.921254921257381953e-01 1.010702040155593506e+00 5.806938244673315097e+00
3.245232887799218702e-01 4.999999999999999445e-01 1.006240041172701494e+00 5.794752466026263704e+00
3.304159666647791815e-01 5.077524002897475519e-01 1.001779275073572562e+00 5.783078656564425657e+00
3.362720075710612377e-01 5.153882032022075732e-01 9.972991036229736928e-01 5.771890475766027429e+00
3.420927890944817085e-01 5.229125165837972267e-01 9.927806601726089086e-01 5.761161820528184485e+00
3.478796884491914265e-01 5.303300858899105963e-01 9.882049689281766636e-01 5.750856861297868328e+00
3.536340828493415578e-01 5.376453291901641673e-01 9.835520788522678082e-01 5.740945004752714631e+00
3.593573495090828795e-01 5.448623679425842470e-01 9.788044380254259380e-01 5.731394291662910589e+00
3.650508656425665577e-01 5.519850541454904835e-01 9.739430580124814885e-01 5.722168990788545351e+00
3.707160084639431474e-01 5.590169943749474513e-01 9.689491791877672400e-01 5.713238272583114785e+00
3.763541551873639257e-01 5.659615711335885813e-01 9.638051583549084311e-01 5.704571635563664422e+00
3.819666830269795588e-01 5.728219618694799786e-01 9.584937372971770175e-01 5.696132555993290936e+00
3.875549691969413235e-01 5.796011559684814962e-01 9.529969364474962790e-01 5.687886293841533991e+00
3.931203909113998862e-01 5.863019699779287164e-01 9.472963154722969792e-01 5.679803332234562241e+00
3.986643253845061907e-01 5.929270612815711328e-01 9.413759378946400247e-01 5.671852924347939862e+00
4.041881498304112919e-01 5.994789404140898892e-01 9.352182993579279957e-01 5.664002075007434911e+00
4.096932414632661335e-01 6.059599821770411676e-01 9.288054405731925867e-01 5.656217506554451546e+00
4.151809774972217149e-01 6.123724356957944703e-01 9.221212239924932996e-01 5.648465954680855994e+00
4.206527351464287579e-01 6.187184335382290845e-01 9.151494093203192959e-01 5.640716713929252002e+00
4.261098916250383173e-01 6.250000000000000000e-01 9.078716912728123090e-01 5.632941275616868637e+00
4.315538241472012815e-01 6.312190586476298382e-01 9.002732182130160909e-01 5.625109464643870183e+00
4.369859099270687053e-01 6.373774391990980615e-01 8.923367853477061074e-01 5.617190315517260224e+00
4.424075261787914770e-01 6.434768838116875500e-01 8.840467241233317397e-01 5.609157848437563487e+00
4.478200501165204850e-01 6.495190528383290030e-01 8.754055931799767931e-01 5.600987051075891898e+00
4.532248589544067285e-01 6.555055301063447137e-01 8.664285104946326532e-01 5.592642763921213067e+00
4.586233299066010405e-01 6.614378277661476790e-01 8.571302435304992695e-01 5.584091265293954720e+00
4.640168401872545312e-01 6.673173907519569514e-01 8.475264311906044457e-01 5.575312446685956047e+00
4.694067670105179779e-01 6.731456008918129674e-01 8.376318459984931630e-01 5.566280158193002592e+00
4.747944875905426021e-01 6.789237807000134683e-01 8.274617426741578408e-01 5.556958749550309662e+00
4.801813791414787924e-01 6.846531968814576485e-01 8.170313632137514714e-01 5.547318207470194551e+00
4.855688188774780478e-01 6.903350635742038222e-01 8.063559408027011211e-01 5.537330797840264829e+00
4.909581840126909791e-01 6.959705453537526898e-01 7.954500577602008349e-01 5.526968880254108818e+00
4.963508517612687521e-01 7.015607600201140270e-01 7.843281731594817785e-01 5.516208507181667109e+00
5.017481993373619220e-01 7.071067811865475727e-01 7.730061584192551294e-01 5.505015597792629833e+00
5.071515410358218290e-01 7.126096406869611988e-01 7.614968829407009476e-01 5.493354626228169835e+00
5.125618989883370391e-01 7.180703308172535770e-01 7.498159808118000091e-01 5.481210753804206526e+00
5.179802105872500784e-01 7.234898064243890925e-01 7.379767839296698106e-01 5.468539564145102894e+00
5.234074132159322046e-01 7.288689868556625928e-01 7.259956165160212915e-01 5.455326656985213241e+00
5.288444442577528992e-01 7.342087577794206288e-01 7.138853885189938575e-01 5.441540216321758550e+00
5.342922410960833091e-01 7.395099728874520162e-01 7.016614793853298560e-01 5.427143805944133703e+00
5.397517411142938037e-01 7.447734554883115310e-01 6.893378290617887538e-01 5.412114318246738165e+00
5.452238816957547529e-01 7.500000000000000000e-01 6.769284037320739689e-01 5.396419403843702334e+00
5.507096002238365262e-01 7.551903733496607707e-01 6.644483435557811957e-01 5.380044644846269541e+00
5.562098340819098263e-01 7.603453162872774174e-01 6.519112664322418427e-01 5.362954193083740329e+00
5.617255206533448009e-01 7.654655446197431434e-01 6.393327070321735972e-01 5.345112327411869479e+00
5.672575973215122636e-01 7.705517503711220018e-01 6.267249271131279942e-01 5.326493927641333670e+00
5.728070014697824730e-01 7.756046028744285614e-01 6.141040280897354098e-01 5.307077571716699360e+00
5.783746704815256878e-01 7.806247497997997886e-01 6.014840461903651070e-01 5.286832640498112745e+00
5.839615417401126107e-01 7.856128181235334518e-01 5.888783033204852968e-01 5.265727453850360007e+00
5.895685526289138334e-01 7.905694150420948807e-01 5.763010136943876871e-01 5.243735484090870536e+00
5.951970991273513034e-01 7.954951288348659499e-01 5.637670919387742785e-01 5.220815046602211851e+00
6.008506285956253246e-01 8.003905296791060664e-01 5.512899581869896704e-01 5.196959483938440094e+00
6.065331617557909727e-01 8.052561704203203830e-01 5.388847665928804265e-01 5.172117309443753363e+00
6.122487193564394303e-01 8.100925873009825473e-01 5.265638328379435018e-01 5.146281627709750062e+00
6.180013221461616579e-01 8.149003006503311441e-01 5.143425520664416384e-01 5.119398996581469241e+00
6.237949908735495042e-01 8.196798155377500450e-01 5.022340308432315936e-01 5.091449656182199135e+00
6.296337462871937074e-01 8.244316223920574727e-01 4.902524416468712620e-01 5.062409996368156584e+00
6.355216091356856722e-01 8.291561975888499525e-01 4.784105054458250295e-01 5.032232997490173609e+00
6.414626001676168032e-01 8.338540040078958882e-01 4.667227604183196155e-01 5.000899304868573481e+00
6.474607401315782829e-01 8.385254915624211769e-01 4.552021825672264987e-01 4.968380306795599388e+00
6.535200497761611826e-01 8.431710977020026032e-01 4.438622728351123703e-01 4.934638435422548319e+00
6.596445498499569071e-01 8.477912478906585170e-01 4.327182587834124683e-01 4.899644763566438854e+00
6.658382611015566388e-01 8.523863560616159463e-01 4.217830913813663263e-01 4.863373311597714910e+00
6.721052042795518933e-01 8.569568250501304885e-01 4.110699648147663754e-01 4.825795580544501640e+00
6.784494001325335200e-01 8.615030470056388445e-01 4.005932806196239593e-01 4.786867988069261948e+00
6.848748694090931455e-01 8.660254037844385966e-01 3.903667048873091239e-01 4.746570920693462980e+00
6.913862904239744811e-01 8.705242673240074502e-01 3.804026665397354234e-01 4.704862742902641948e+00
6.979911752037160078e-01 8.750000000000000000e-01 3.707156315961064874e-01 4.661721302322150429e+00
7.046977989379774598e-01 8.794529549668930191e-01 3.613130057273504225e-01 4.617103151025655272e+00
7.115144368272682263e-01 8.838834764831844382e-01 3.521868954409991814e-01 4.571000861832565043e+00
7.184493640720970298e-01 8.882919002219934468e-01 3.433262873826316008e-01 4.523357912488296328e+00
7.255108558729728152e-01 8.926785535678563033e-01 3.347188435654934735e-01 4.474174989225357280e+00
7.327071874304041943e-01 8.970437559004577066e-01 3.263525348468203635e-01 4.423433871805255713e+00
7.400466339449004449e-01 9.013878188659972812e-01 3.182163162172771398e-01 4.371126814905378133e+00
7.475379413739655643e-01 9.057110466368398782e-01 3.102983655611745717e-01 4.317269238655345731e+00
7.551921679739674875e-01 9.100137361600648678e-01 3.025865913151166153e-01 4.261901153489845662e+00
7.630210807885859925e-01 9.142961773954870752e-01 2.950671501379704686e-01 4.205083719476575332e+00
7.710364470466901654e-01 9.185586535436918165e-01 2.877285077117533452e-01 4.146955535951945215e+00
7.792500339771489815e-01 9.228014412645875186e-01 2.805575585757750789e-01 4.087724089654369841e+00
7.876736088088309717e-01 9.270248108869579839e-01 2.735443858843427112e-01 4.027750388606195386e+00
7.963189387706052225e-01 9.312290266094587210e-01 2.666753242081936204e-01 3.967548476877904129e+00
8.051977910913407088e-01 9.354143466934853324e-01 2.599400142343901154e-01 3.907874002476508846e+00
8.143226366914210201e-01 9.395810236483067568e-01 2.533254626329066173e-01 3.849841574185213222e+00
8.237088680598193546e-01 9.437293044088437277e-01 2.468206568460170891e-01 3.794966924331968805e+00
8.333726357836590548e-01 9.478594305064437231e-01 2.404144302299645597e-01 3.745267351807681333e+00
8.433300904514603458e-01 9.519716382329885818e-01 2.341013177673290646e-01 3.703196519931045483e+00
8.535973826517434526e-01 9.560661587986472032e-01 2.278769575800894953e-01 3.671282241913349953e+00
8.641906629730286005e-01 9.601432184835760886e-01 2.217341137714028410e-01 3.651076763350311616e+00
8.751260820038359034e-01 9.642030387838445016e-01 2.156667252706408189e-01 3.642064198225607008e+00
8.864197903326859196e-01 9.682458365518542553e-01 2.096639633442257122e-01 3.636638898453852686e+00
8.980938647820777554e-01 9.722718241315028154e-01 2.037202555401593229e-01 3.621492019243176763e+00
9.101984200782946566e-01 9.762812094883318581e-01 1.978239662869523685e-01 3.573263066285659040e+00
9.227918546437816616e-01 9.802741963348826637e-01 1.919658239209995065e-01 3.466230343995611030e+00
9.359325681281557285e-01 9.842509842514763907e-01 1.861354402332496549e-01 3.284791972391083448e+00
9.497502485468483080e-01 9.882117688026185176e-01 1.803253570804541073e-01 3.035985545730589319e+00
9.646846704203684286e-01 9.921567416492215186e-01 1.745187767654042821e-01 2.748552622041537052e+00
9.812598986930620715e-01 9.960860906568267392e-01 1.686881043601075325e-01 2.457612258032939589e+00
1.000000000000000000e+00 1.000000000000000000e+00 1.631019999999999970e-01 2.201760000000000161e+00
