# 1.rho_tor 2.rho_pol 3.Ti(keV) 4.ni(10^19m^-3)
#
0.000000000000000000e+00 0.000000000000000000e+00 1.302422253404234453e+00 3.079670000000000130e+00
5.743850543354890592e-02 8.838834764831882129e-02 1.296044425432189007e+00 3.042250667622728333e+00
8.173464529773108445e-02 1.249999999999997363e-01 1.289584702768578950e+00 3.007608801747566840e+00
1.001117722570662172e-01 1.530931089239486176e-01 1.282976830941222834e+00 2.975634714076917486e+00
1.155557900880957445e-01 1.767766952966370875e-01 1.276225093133011024e+00 2.946266260996002195e+00
1.292178929487707573e-01 1.976423537605235536e-01 1.269325054005602693e+00 2.919399299043601292e+00
1.415593010732134061e-01 2.165063509461096491e-01 1.262281004589733913e+00 2.894932603449107855e+00
1.528280418858896927e-01 2.338535866733714719e-01 1.255096452284703235e+00 2.872786628440118228e+00
1.632720797055191297e-01 2.499999999999998612e-01 1.247774329880064981e+00 2.852853926896139480e+00
1.731101217092323730e-01 2.651650429449552981e-01 1.240317074333834757e+00 2.835051118576088047e+00
1.824275361649524696e-01 2.795084971874738367e-01 1.232727232846084098e+00 2.819267235169197861e+00
1.912717262784867089e-01 2.931509849889642472e-01 1.225009833339731236e+00 2.805435141970094914e+00
1.996900925146574968e-01 3.061862178478972352e-01 1.217167817367002858e+00 2.793432692849410870e+00
2.077300353382865450e-01 3.186887195995491417e-01 1.209205233499299093e+00 2.783194095062646145e+00
2.154389552141958708e-01 3.307189138830737285e-01 1.201124934236098785e+00 2.774600035541145093e+00
2.228642526072077135e-01 3.423265984407288243e-01 1.192931690311473947e+00 2.767572003774558365e+00
2.300533279821438404e-01 3.535533905932738974e-01 1.184627105783484069e+00 2.762016749593124043e+00
2.370486791108928903e-01 3.644344934278311854e-01 1.176215102635197685e+00 2.757834928066320579e+00
2.438673240920662122e-01 3.750000000000000000e-01 1.167698711924998412e+00 2.754930538444515076e+00
2.505180295553092740e-01 3.852758751855611119e-01 1.159081663980323196e+00 2.753211355420855710e+00
2.570095579059227253e-01 3.952847075210473293e-01 1.150367385822804067e+00 2.752585229226863550e+00
2.633506715492079375e-01 4.050462936504912737e-01 1.141559215215842693e+00 2.752960036350372786e+00
2.695501328904652549e-01 4.145780987944250873e-01 1.132661222200834983e+00 2.754243691776665948e+00
2.756167043349959656e-01 4.238956239453292030e-01 1.123675934211813443e+00 2.756345419329649271e+00
2.815591482881004137e-01 4.330127018922192983e-01 1.114608999575431358e+00 2.759184397212890438e+00
2.873862271550797765e-01 4.419417382415922746e-01 1.105462071171577243e+00 2.762682968686248408e+00
2.931067033412346201e-01 4.506939094329985851e-01 1.096239039147137939e+00 2.766764212529066569e+00
2.987293392518660662e-01 4.592793267718459083e-01 1.086944596300751575e+00 2.771350927724342661e+00
3.042628972922747921e-01 4.677071733467426662e-01 1.077580135785494608e+00 2.776365879608851284e+00
3.097161398677615862e-01 4.759858191164942354e-01 1.068151058789336805e+00 2.781730889358997594e+00
3.150978293836274591e-01 4.841229182759271277e-01 1.058659320962239025e+00 2.787367489343884230e+00
3.204167282451729215e-01 4.921254921257381398e-01 1.049108982503971443e+00 2.793198227561696889e+00
3.256815988576990950e-01 4.999999999999999445e-01 1.039503214053819180e+00 2.799135096142056245e+00
3.309003303660053574e-01 5.077524002897475519e-01 1.029845133231116039e+00 2.805062800235784692e+00
3.360764412409512625e-01 5.153882032022075732e-01 1.020137421103014752e+00 2.810874530897942591e+00
3.412120853925261210e-01 5.229125165837971156e-01 1.010384225749587861e+00 2.816482029813651256e+00
3.463094162756936156e-01 5.303300858899105963e-01 1.000588776797204149e+00 2.821778299256924694e+00
3.513705873454167627e-01 5.376453291901641673e-01 9.907545143800042808e-01 2.826631594536123782e+00
3.563977520566591894e-01 5.448623679425841360e-01 9.808856787486155415e-01 2.830947721941717621e+00
3.613930638643841897e-01 5.519850541454904835e-01 9.709846606412418923e-01 2.834707776095227061e+00
3.663586762235551686e-01 5.590169943749474513e-01 9.610555132731158912e-01 2.837901324500383460e+00
3.712967425891355311e-01 5.659615711335884702e-01 9.511016060096515456e-01 2.840517937943625171e+00
3.762094164160887932e-01 5.728219618694799786e-01 9.411257649339644926e-01 2.842546962878665706e+00
3.810988511593781936e-01 5.796011559684814962e-01 9.311318744682218762e-01 2.843978400702038112e+00
3.859672002739672481e-01 5.863019699779286054e-01 9.211233194874351993e-01 2.844801542613253353e+00
3.908166172148192508e-01 5.929270612815711328e-01 9.111038253121925834e-01 2.845006223363645059e+00
3.956492554368976067e-01 5.994789404140898892e-01 9.010768594876172877e-01 2.844581678175072348e+00
4.004672683951657763e-01 6.059599821770410566e-01 8.910443079483399975e-01 2.843518585469259730e+00
4.052728095445871648e-01 6.123724356957944703e-01 8.810114609176131761e-01 2.841821358428723077e+00
4.100680323401251770e-01 6.187184335382290845e-01 8.709801406563627557e-01 2.839507663999281117e+00
4.148550902367428295e-01 6.250000000000000000e-01 8.609542345690950338e-01 2.836596426816457406e+00
4.196361366894043043e-01 6.312190586476298382e-01 8.509377747873225761e-01 2.833101316771938993e+00
4.244133251530722295e-01 6.373774391990980615e-01 8.409329237287436198e-01 2.829024795320634666e+00
4.291888090827103430e-01 6.434768838116874390e-01 8.309436899201015914e-01 2.824368803391687610e+00
4.339647419332820499e-01 6.495190528383290030e-01 8.209727737198202480e-01 2.819141225320069832e+00
4.387432771597507553e-01 6.555055301063447137e-01 8.110231499672218014e-01 2.813352271364232493e+00
4.435265682170796420e-01 6.614378277661475680e-01 8.010996826016522077e-01 2.807013112863944837e+00
4.483167685602324481e-01 6.673173907519569514e-01 7.912032391652877861e-01 2.800139867492471346e+00
4.531160316441723013e-01 6.731456008918129674e-01 7.813390751131801260e-01 2.792753518621621911e+00
4.579265109238626619e-01 6.789237807000134683e-01 7.715090360432671490e-01 2.784856750070361375e+00
4.627503598542669905e-01 6.846531968814576485e-01 7.617163619887926673e-01 2.776463522245397275e+00
4.675897318903486366e-01 6.903350635742038222e-01 7.519639249312711771e-01 2.767603668463890720e+00
4.724467804870709498e-01 6.959705453537526898e-01 7.422555704814161048e-01 2.758293324414314629e+00
4.773236590993974460e-01 7.015607600201140270e-01 7.325933480866946290e-01 2.748547557347933434e+00
4.822225211822913638e-01 7.071067811865475727e-01 7.229827028977874326e-01 2.738389262397787682e+00
4.871456454034019390e-01 7.126096406869611988e-01 7.134229129604151565e-01 2.727855653214742215e+00
4.920958918502955637e-01 7.180703308172535770e-01 7.039189139001059692e-01 2.716952047314928453e+00
4.970762892462516902e-01 7.234898064243890925e-01 6.944725578959674017e-01 2.705720562851948952e+00
5.020898663324058209e-01 7.288689868556625928e-01 6.850872083184115224e-01 2.694192064996116631e+00
5.071396518498937356e-01 7.342087577794206288e-01 6.757651254620494763e-01 2.682390741755736663e+00
5.122286745398505481e-01 7.395099728874520162e-01 6.665092769873247613e-01 2.670343261864779105e+00
5.173599631434120383e-01 7.447734554883115310e-01 6.573217241511867259e-01 2.658110030257214262e+00
5.225365464017137640e-01 7.500000000000000000e-01 6.482043424652613739e-01 2.645712699744087182e+00
5.277614530558909500e-01 7.551903733496607707e-01 6.391610834353499415e-01 2.633194323874062270e+00
5.330377118470795983e-01 7.603453162872774174e-01 6.301935881746190127e-01 2.620610372599837756e+00
5.383683515164146005e-01 7.654655446197431434e-01 6.213027831250143018e-01 2.607965409173974347e+00
5.437564008050317366e-01 7.705517503711220018e-01 6.124922958163130371e-01 2.595303776968009402e+00
5.492048884540667864e-01 7.756046028744285614e-01 6.037634503535772579e-01 2.582633789526826096e+00
5.547168432046549746e-01 7.806247497997997886e-01 5.951192911365510430e-01 2.569979903100794605e+00
5.602952937979318593e-01 7.856128181235334518e-01 5.865601289945565622e-01 2.557374295736446701e+00
5.659432689750328871e-01 7.905694150420948807e-01 5.780880962386346633e-01 2.544847720775503142e+00
5.716637974770939490e-01 7.954951288348659499e-01 5.697063548374956543e-01 2.532493658371664846e+00
5.774599080452498256e-01 8.003905296791060664e-01 5.614145444874154567e-01 2.520349786797954295e+00
5.833346294206367411e-01 8.052561704203203830e-01 5.532151475767580484e-01 2.508515887840840008e+00
5.892909903443899200e-01 8.100925873009825473e-01 5.451094648650032237e-01 2.497040603706706996e+00
5.953320195576445872e-01 8.149003006503311441e-01 5.370986235260901687e-01 2.486004539013098036e+00
6.014607458015367447e-01 8.196798155377500450e-01 5.291838366364555180e-01 2.475481972883296411e+00
6.076801978172016172e-01 8.244316223920574727e-01 5.213661387629927590e-01 2.465460729801309814e+00
6.139934043457748736e-01 8.291561975888499525e-01 5.136468581679540790e-01 2.455819700792030158e+00
6.204033941283919606e-01 8.338540040078958882e-01 5.060262053068961263e-01 2.446442969912390186e+00
6.269131959061884363e-01 8.385254915624211769e-01 4.985051150192282843e-01 2.437202560326362288e+00
6.335258384202996362e-01 8.431710977020026032e-01 4.910839542284717862e-01 2.427972227112348502e+00
6.402443504118610074e-01 8.477912478906585170e-01 4.837638543459977236e-01 2.418616414286540284e+00
6.470717606220086626e-01 8.523863560616159463e-01 4.765438562902643560e-01 2.409013767164805309e+00
6.540110977918773827e-01 8.569568250501304885e-01 4.694245734562318417e-01 2.399036490916778952e+00
6.610653906626030585e-01 8.615030470056388445e-01 4.624059146042484580e-01 2.388563718025223714e+00
6.682376679753211368e-01 8.660254037844385966e-01 4.554874898262571969e-01 2.377464002125718068e+00
6.755309533895138552e-01 8.705242673240074502e-01 4.486680946635088207e-01 2.365607218967134440e+00
6.829482486658157159e-01 8.750000000000000000e-01 4.419460932652199414e-01 2.352866614079918595e+00
6.904925496671580065e-01 8.794529549668930191e-01 4.353196805840824912e-01 2.338962505704574202e+00
6.981668522563876378e-01 8.838834764831844382e-01 4.287866221132042299e-01 2.323462536957451086e+00
7.059741522963517424e-01 8.882919002219934468e-01 4.223398139208793256e-01 2.305921836211856757e+00
7.139174456498971200e-01 8.926785535678563033e-01 4.159749277368452458e-01 2.285911928460901077e+00
7.219997281798715694e-01 8.970437559004577066e-01 4.096831585438781009e-01 2.263021602100722340e+00
7.302239957491214462e-01 9.013878188659972812e-01 4.034494609753067618e-01 2.236864246771515852e+00
7.385932442204938830e-01 9.057110466368398782e-01 3.972589407100423631e-01 2.207028388675602137e+00
7.471104694568366789e-01 9.100137361600647568e-01 3.910871450119348114e-01 2.173042244796544953e+00
7.557786673209964112e-01 9.142961773954870752e-01 3.848967681462783785e-01 2.134480133584473194e+00
7.646008336758201018e-01 9.185586535436918165e-01 3.786483855967020529e-01 2.090937471092760180e+00
7.735799643841551054e-01 9.228014412645875186e-01 3.722784413331244879e-01 2.042046305814730900e+00
7.827190553088479996e-01 9.270248108869578729e-01 3.657040469615006062e-01 1.987523057153043116e+00
7.920211023127468053e-01 9.312290266094587210e-01 3.588224797117791631e-01 1.927183575632962276e+00
8.014891012586975449e-01 9.354143466934853324e-01 3.514898129980956187e-01 1.860983690332797202e+00
8.111295090685418652e-01 9.395810236483067568e-01 3.435292108754476881e-01 1.789017382800870415e+00
8.209631522011034965e-01 9.437293044088437277e-01 3.347152387032780174e-01 1.711563470415570665e+00
8.310145857695451221e-01 9.478594305064438341e-01 3.247760013040255633e-01 1.629084447469834718e+00
8.413083648939001513e-01 9.519716382329885818e-01 3.134068093210850559e-01 1.542241183429055473e+00
8.518690446942042138e-01 9.560661587986472032e-01 3.002880935592622813e-01 1.451877427293051914e+00
8.627211802904906079e-01 9.601432184835759776e-01 2.851250790263998858e-01 1.359007257972684624e+00
8.738893268027942973e-01 9.642030387838445016e-01 2.677118804657031559e-01 1.264710613047501875e+00
8.853980393511492464e-01 9.682458365518542553e-01 2.480048331302239228e-01 1.170151754171437686e+00
8.972779671284761838e-01 9.722718241315028154e-01 2.262030103500494160e-01 1.076486716530028476e+00
9.095885913025784086e-01 9.762812094883317471e-01 2.027876473352346609e-01 9.848021768378097951e-01
9.223979113428256715e-01 9.802741963348826637e-01 1.785028559427772055e-01 8.960902737974034693e-01
9.357739279805122878e-01 9.842509842514762797e-01 1.542611367511833309e-01 8.111769677799943734e-01
9.498387997072275102e-01 9.882117688026185176e-01 1.309927112111612391e-01 7.307785860271188705e-01
9.649502576836818113e-01 9.921567416492215186e-01 1.094778964209308786e-01 6.553864751954893153e-01
9.815300684923123908e-01 9.960860906568266282e-01 9.025115869809605118e-02 5.853050505943476756e-01
1.000000000000000000e+00 1.000000000000000000e+00 7.384499999999999398e-02 5.217800000000000216e-01
