# 1.rho_tor 2.rho_pol 3.Ti(keV) 4.ni(10^19m^-3)
#
0.000000000000000000e+00 0.000000000000000000e+00 9.888840000000002073e-01 4.161966903897711845e+00
5.626367770955685577e-02 8.838834764831837720e-02 9.871778247740639056e-01 4.143840380132926882e+00
8.000803265825813526e-02 1.249999999999999029e-01 9.854392553550468392e-01 4.126747441076911826e+00
9.800706539993418731e-02 1.530931089239485066e-01 9.836348583275117408e-01 4.111129637050918717e+00
1.132642571983274588e-01 1.767766952966367544e-01 9.817341545691670168e-01 4.096971007859536940e+00
1.268442891172583409e-01 1.976423537605238034e-01 9.797034128708465017e-01 4.084242124256630468e+00
1.391826926263355357e-01 2.165063509461097324e-01 9.775105656773277474e-01 4.072917329554333499e+00
1.505206405508532352e-01 2.338535866733713608e-01 9.751230789926315090e-01 4.062950224038651470e+00
1.610992481853316671e-01 2.500000000000000000e-01 9.725089835267102245e-01 4.054304585584128873e+00
1.711305254641022067e-01 2.651650429449552981e-01 9.696362058221157376e-01 4.046876051157902054e+00
1.806938351533607934e-01 2.795084971874736701e-01 9.664721025502928109e-01 4.040636087179062308e+00
1.898307719138962735e-01 2.931509849889643027e-01 9.629838332040661086e-01 4.035509030173707323e+00
1.985829276797321519e-01 3.061862178478973462e-01 9.591387496453795958e-01 4.031464255378601536e+00
2.069918943848916004e-01 3.186887195995491417e-01 9.549045950001572303e-01 4.028420117198799666e+00
2.150992639633979853e-01 3.307189138830738395e-01 9.502492239266302487e-01 4.026323529595320139e+00
2.229466283492745893e-01 3.423265984407288243e-01 9.451402217265740813e-01 4.025097987780512199e+00
2.305755794765448896e-01 3.535533905932737864e-01 9.395459481915393596e-01 4.024691795752417534e+00
2.380233981705761337e-01 3.644344934278312964e-01 9.334340767503455094e-01 4.025021321178688716e+00
2.453049600925721052e-01 3.749999999999999445e-01 9.267701855813176293e-01 4.026035854344131693e+00
2.524278850996787837e-01 3.852758751855611119e-01 9.195241218477756551e-01 4.027660687587366617e+00
2.593997893344279770e-01 3.952847075210473293e-01 9.116620858171636810e-01 4.029830911661956172e+00
2.662282889393524643e-01 4.050462936504912737e-01 9.031507083680838655e-01 4.032483670429495071e+00
2.729210000569840533e-01 4.145780987944250318e-01 8.939593016591292907e-01 4.035561525353869250e+00
2.794855388298551069e-01 4.238956239453292585e-01 8.840579682473727052e-01 4.038994744218463495e+00
2.859295214004978769e-01 4.330127018922192983e-01 8.734137229153650095e-01 4.042709425272684065e+00
2.922605639114445597e-01 4.419417382415922191e-01 8.619809948904354480e-01 4.046653919299091129e+00
2.984862825052275181e-01 4.506939094329986406e-01 8.497442800108448990e-01 4.050750553478724925e+00
3.046142933243788375e-01 4.592793267718458528e-01 8.367598739014914244e-01 4.054922773529009206e+00
3.106522125114308808e-01 4.677071733467427217e-01 8.231480311589561838e-01 4.059120545493556165e+00
3.166076562089155666e-01 4.759858191164942354e-01 8.090738882092469719e-01 4.063265971979669544e+00
3.224882405593653689e-01 4.841229182759271277e-01 7.946851983424290111e-01 4.067271034752510062e+00
3.283015817053127616e-01 4.921254921257381953e-01 7.801294051549919617e-01 4.071050368381555984e+00
3.340552957892894415e-01 5.000000000000000000e-01 7.655596203661209076e-01 4.074563508269674728e+00
3.397562419415552371e-01 5.077524002897475519e-01 7.511241524097478361e-01 4.077773086730962504e+00
3.454074904414968783e-01 5.153882032022075732e-01 7.369738632283273638e-01 4.080645575144977499e+00
3.510109286576470478e-01 5.229125165837972267e-01 7.232572371356632557e-01 4.083155433154459502e+00
3.565684435640850691e-01 5.303300858899105963e-01 7.101242802430141055e-01 4.085246185136286456e+00
3.620819221348907102e-01 5.376453291901642784e-01 6.977327838141265115e-01 4.086890587637318717e+00
3.675532513441435167e-01 5.448623679425842470e-01 6.862111496752848483e-01 4.088083683089651643e+00
3.729843181659229234e-01 5.519850541454904835e-01 6.757126902203599572e-01 4.088849099489246797e+00
3.783770095743086981e-01 5.590169943749474513e-01 6.664801826832070786e-01 4.089204543610120091e+00
3.837332125433801644e-01 5.659615711335885813e-01 6.586973434063477795e-01 4.089135242950945326e+00
3.890548140472170346e-01 5.728219618694799786e-01 6.524379758217229153e-01 4.088633499457563936e+00
3.943437010598988546e-01 5.796011559684813852e-01 6.477644788613485805e-01 4.087703298592805012e+00
3.996017605555050034e-01 5.863019699779287164e-01 6.447401676139664639e-01 4.086338838762848980e+00
4.048308795081151934e-01 5.929270612815711328e-01 6.434401770945165078e-01 4.084541108055954162e+00
4.100329448918090258e-01 5.994789404140898892e-01 6.439416558635785437e-01 4.082308093277858596e+00
4.152098436806659909e-01 6.059599821770411676e-01 6.462761025112000457e-01 4.079627888182997708e+00
4.203634628487655789e-01 6.123724356957944703e-01 6.502331065787280151e-01 4.076516784984103303e+00
4.254956893701873910e-01 6.187184335382290845e-01 6.554282177207031435e-01 4.072947575940427001e+00
4.306084102190111951e-01 6.250000000000000000e-01 6.614490392625188564e-01 4.068944754518645013e+00
4.357035123693162593e-01 6.312190586476298382e-01 6.680224020939423690e-01 4.064492416562774935e+00
4.407828827951822404e-01 6.373774391990980615e-01 6.749486460409162003e-01 4.059650093935755599e+00
4.458484084706886286e-01 6.434768838116875500e-01 6.819624601670948305e-01 4.054432801780367690e+00
4.509019763699150807e-01 6.495190528383290030e-01 6.886734015809904408e-01 4.048887849620262713e+00
4.559454734669411979e-01 6.555055301063447137e-01 6.946827883325060737e-01 4.043046695714609839e+00
4.609807867358463596e-01 6.614378277661476790e-01 6.997345731959332404e-01 4.036957743724522985e+00
4.660098031507102223e-01 6.673173907519569514e-01 7.037463813675364221e-01 4.030637819881222050e+00
4.710344096856124430e-01 6.731456008918129674e-01 7.066407445737207249e-01 4.024147300999025845e+00
4.760564933146325117e-01 6.789237807000134683e-01 7.083370366002816887e-01 4.017520633618561376e+00
4.810779410118498078e-01 6.846531968814576485e-01 7.087543219645200399e-01 4.010797865869518475e+00
4.861006397513440991e-01 6.903350635742038222e-01 7.078121544728929182e-01 4.004011186162527380e+00
4.911264765071948757e-01 6.959705453537526898e-01 7.054631712666333820e-01 3.997197812342215162e+00
4.961573382534816834e-01 7.015607600201140270e-01 7.017292693050176666e-01 3.990402648299028243e+00
5.011951119642841235e-01 7.071067811865475727e-01 6.967510182461902346e-01 3.983676291963701654e+00
5.062416557174810317e-01 7.126096406869611988e-01 6.906889737256571848e-01 3.977031036044269108e+00
5.112986934126425576e-01 7.180703308172535770e-01 6.836255882732167333e-01 3.970530637014168196e+00
5.163679100321042492e-01 7.234898064243890925e-01 6.755862309139604172e-01 3.964196626142594493e+00
5.214509905540808399e-01 7.288689868556625928e-01 6.666175799648951239e-01 3.958055096034329257e+00
5.265496199567877289e-01 7.342087577794206288e-01 6.567920346230146089e-01 3.952088282662420404e+00
5.316654832184396495e-01 7.395099728874520162e-01 6.461753435306788473e-01 3.946288820239602479e+00
5.368002653172517791e-01 7.447734554883115310e-01 6.348245370402747501e-01 3.940626265887383628e+00
5.419556512314391838e-01 7.500000000000000000e-01 6.228030039186795985e-01 3.935101359087151529e+00
5.471333259392169301e-01 7.551903733496607707e-01 6.101726514888211605e-01 3.929684025226857447e+00
5.523349744187997512e-01 7.603453162872774174e-01 5.969961577837537003e-01 3.924391445443916382e+00
5.575622816484030464e-01 7.654655446197431434e-01 5.833343386407153774e-01 3.919176349949958560e+00
5.628169326062416600e-01 7.705517503711220018e-01 5.692503855162941440e-01 3.914031808079351915e+00
5.681006122705305472e-01 7.756046028744285614e-01 5.548046210434093295e-01 3.908958109388236402e+00
5.734150056194848855e-01 7.806247497997997886e-01 5.400597254055169438e-01 3.903930191949852357e+00
5.787617976313197410e-01 7.856128181235334518e-01 5.250772502327735181e-01 3.898942516403766767e+00
5.841426732842498470e-01 7.905694150420948807e-01 5.099196384458247744e-01 3.893965976175671528e+00
5.895596002443396211e-01 7.954951288348659499e-01 4.946486469533057373e-01 3.889006340976008946e+00
5.950158106901071164e-01 8.003905296791060664e-01 4.793258599031483547e-01 3.884036762399049270e+00
6.005148902318744319e-01 8.052561704203203830e-01 4.640135902735400553e-01 3.879051578293613467e+00
6.060604244963206932e-01 8.100925873009825473e-01 4.487734786355956906e-01 3.874037111689642821e+00
6.116559991101250260e-01 8.149003006503311441e-01 4.336674582070187967e-01 3.868963777967950879e+00
6.173051996999665558e-01 8.196798155377500450e-01 4.187571356718345905e-01 3.863801148154287546e+00
6.230116118925238533e-01 8.244316223920574727e-01 4.041047094067836132e-01 3.858506353293213564e+00
6.287788213144769323e-01 8.291561975888499525e-01 3.897721146163205530e-01 3.853057901710815081e+00
6.346104135925042522e-01 8.338540040078958882e-01 3.758199126482447139e-01 3.847416755559907031e+00
6.405099743532852719e-01 8.385254915624211769e-01 3.623099627831145586e-01 3.841546544898022386e+00
6.464810892234991169e-01 8.431710977020026032e-01 3.492717213280402411e-01 3.835399116933540853e+00
6.525273438298244688e-01 8.477912478906585170e-01 3.366967649434512433e-01 3.828962392186351593e+00
6.586523237989408974e-01 8.523863560616159463e-01 3.245754765587277046e-01 3.822183820870976412e+00
6.648596147575275284e-01 8.569568250501304885e-01 3.128996208048326899e-01 3.815028371178050381e+00
6.711528023322633763e-01 8.615030470056388445e-01 3.016591707848527149e-01 3.807460265411230171e+00
6.775354721498271227e-01 8.660254037844385966e-01 2.908449296827519959e-01 3.799459650959068124e+00
6.840122198123366193e-01 8.705242673240074502e-01 2.804475270793226338e-01 3.790959868512625341e+00
6.905919933042498071e-01 8.750000000000000000e-01 2.704579217380503331e-01 3.781944682704718286e+00
6.972849127749924936e-01 8.794529549668930191e-01 2.608659879699413708e-01 3.772374978880125962e+00
7.041010983906541565e-01 8.838834764831844382e-01 2.516628443018953942e-01 3.762307650512458412e+00
7.110506703173233856e-01 8.882919002219934468e-01 2.428395973214806380e-01 3.751993227803375852e+00
7.181437487210895476e-01 8.926785535678563033e-01 2.343852687367931620e-01 3.741690818677859021e+00
7.253904537680411213e-01 8.970437559004577066e-01 2.262912060840843453e-01 3.731731938444883490e+00
7.328009056242676955e-01 9.013878188659972812e-01 2.185482635737698021e-01 3.722377933421023855e+00
7.403852244558580820e-01 9.057110466368398782e-01 2.111467365204364455e-01 3.713927042800914347e+00
7.481535304289012034e-01 9.100137361600647568e-01 2.040772403293703852e-01 3.706668188007072651e+00
7.561159437094862046e-01 9.142961773954870752e-01 1.973301384211462728e-01 3.700891422680460341e+00
7.642825844637021193e-01 9.185586535436918165e-01 1.908964701120608731e-01 3.696884491936149431e+00
7.726635728576380924e-01 9.228014412645875186e-01 1.847660622439624423e-01 3.694947967861570870e+00
7.812690290573828245e-01 9.270248108869578729e-01 1.789302467143566722e-01 3.695329795564718189e+00
7.901090732290252383e-01 9.312290266094587210e-01 1.733789578812560406e-01 3.698308305552609365e+00
7.991938255386549228e-01 9.354143466934853324e-01 1.681035843976978750e-01 3.704068613782341757e+00
8.085371067748903240e-01 9.395810236483067568e-01 1.630953569331595743e-01 3.712621759444334035e+00
8.181681018771470582e-01 9.437293044088437277e-01 1.583437159420636176e-01 3.723769045116730680e+00
8.281199825248178881e-01 9.478594305064438341e-01 1.538396748187068064e-01 3.737167566958263354e+00
8.384259204046415892e-01 9.519716382329885818e-01 1.495740313800978105e-01 3.752155630596733182e+00
8.491190872033587134e-01 9.560661587986472032e-01 1.455366818361321368e-01 3.767456462881053181e+00
8.602326546077075919e-01 9.601432184835759776e-01 1.417190836282069821e-01 3.780715920605192792e+00
8.717997943044295539e-01 9.642030387838445016e-01 1.381113629159907707e-01 3.786799546718325082e+00
8.838536779802629306e-01 9.682458365518542553e-01 1.347034575784945842e-01 3.775446513335460441e+00
8.964123462880972948e-01 9.722718241315028154e-01 1.314874474177845365e-01 3.727686368363430702e+00
9.094222526851936106e-01 9.762812094883318581e-01 1.284514550696893298e-01 3.610307799025487263e+00
9.228087004535907578e-01 9.802741963348826637e-01 1.255890414863235771e-01 3.376481508887485550e+00
9.364969897420839517e-01 9.842509842514763907e-01 1.228876022982923338e-01 2.986681732894384655e+00
9.505183234705538720e-01 9.882117688026185176e-01 1.203418316840285940e-01 2.457712523028650509e+00
9.653645550421513510e-01 9.921567416492215186e-01 1.179435696309327486e-01 1.882041230782756314e+00
9.816527559002773407e-01 9.960860906568266282e-01 1.156801490580572356e-01 1.395661178388761359e+00
1.000000000000000000e+00 1.000000000000000000e+00 1.135869999999999935e-01 1.081560391470816951e+00
