# 1.rho_tor 2.rho_pol 3.Tz(keV) 4.nz(10^19m^-3)
#
0.000000000000000000e+00 0.000000000000000000e+00 9.886687333925893162e-01 4.792499999999995375e-02
5.626367770955685577e-02 8.838834764831837720e-02 9.868010477157107552e-01 5.041457304785397497e-02
8.000803265825813526e-02 1.249999999999999029e-01 9.849628303407814700e-01 5.263679203232817655e-02
9.800706539993418731e-02 1.530931089239485066e-01 9.830661175384165507e-01 5.460327459442165104e-02
1.132642571983274588e-01 1.767766952966367544e-01 9.810736714365153599e-01 5.632441475677684578e-02
1.268442891172583409e-01 1.976423537605238034e-01 9.789493008697258691e-01 5.780976243850360213e-02
1.391826926263355357e-01 2.165063509461097324e-01 9.766603949431770237e-01 5.907114758431975671e-02
1.505206405508532352e-01 2.338535866733713608e-01 9.741744467860796730e-01 6.012269601337249386e-02
1.610992481853316671e-01 2.500000000000000000e-01 9.714588720271766231e-01 6.097086597269568004e-02
1.711305254641022067e-01 2.651650429449552981e-01 9.684805833874374770e-01 6.163110735496875325e-02
1.806938351533607934e-01 2.795084971874736701e-01 9.652068983280487346e-01 6.211021259452130516e-02
1.898307719138962735e-01 2.931509849889643027e-01 9.616052717812353379e-01 6.242375349092074005e-02
1.985829276797321519e-01 3.061862178478973462e-01 9.576433111787531205e-01 6.257846020653021202e-02
2.069918943848916004e-01 3.186887195995491417e-01 9.532889592076930763e-01 6.258908506985642883e-02
2.150992639633979853e-01 3.307189138830738395e-01 9.485102000527509958e-01 6.246450415136969858e-02
2.229466283492745893e-01 3.423265984407288243e-01 9.432746663171747148e-01 6.221766580092528282e-02
2.305755794765448896e-01 3.535533905932737864e-01 9.375506680012226646e-01 6.185653318044720406e-02
2.380233981705761337e-01 3.644344934278312964e-01 9.313058163239620324e-01 6.139484786297487451e-02
2.453049600925721052e-01 3.749999999999999445e-01 9.245060478273747773e-01 6.084137817687503003e-02
2.524278850996787837e-01 3.852758751855611119e-01 9.171217515105407614e-01 6.020938750983830662e-02
2.593997893344279770e-01 3.952847075210473293e-01 9.091197473566137166e-01 5.951015668037800549e-02
2.662282889393524643e-01 4.050462936504912737e-01 9.004673525590655148e-01 5.875442569127471010e-02
2.729210000569840533e-01 4.145780987944250318e-01 8.911346231928760631e-01 5.795184114465681824e-02
2.794855388298551069e-01 4.238956239453292585e-01 8.810924710316836439e-01 5.711413943530193466e-02
2.859295214004978769e-01 4.330127018922192983e-01 8.703088068515058007e-01 5.625370452388893383e-02
2.922605639114445597e-01 4.419417382415922191e-01 8.587391032066822305e-01 5.537884692996167257e-02
2.984862825052275181e-01 4.506939094329986406e-01 8.463688167981949784e-01 5.450235999205162857e-02
3.046142933243788375e-01 4.592793267718458528e-01 8.332548130328141234e-01 5.363673453321061296e-02
3.106522125114308808e-01 4.677071733467427217e-01 8.195174533501323744e-01 5.278999602697963950e-02
3.166076562089155666e-01 4.759858191164942354e-01 8.053215306064046564e-01 5.197498172030875357e-02
3.224882405593653689e-01 4.841229182759271277e-01 7.908143668428252449e-01 5.120583377887623355e-02
3.283015817053127616e-01 4.921254921257381953e-01 7.761427698867120473e-01 5.049646755149583832e-02
3.340552957892894415e-01 5.000000000000000000e-01 7.614589460958719469e-01 4.985337500198802618e-02
3.397562419415552371e-01 5.077524002897475519e-01 7.469101200012309150e-01 4.928257995906283606e-02
3.454074904414968783e-01 5.153882032022075732e-01 7.326459472847851595e-01 4.878944718866225216e-02
3.510109286576470478e-01 5.229125165837972267e-01 7.188135076552603087e-01 4.837790096649172145e-02
3.565684435640850691e-01 5.303300858899105963e-01 7.055610980300505153e-01 4.805727951414348609e-02
3.620819221348907102e-01 5.376453291901642784e-01 6.930443978592087939e-01 4.783174778090969886e-02
3.675532513441435167e-01 5.448623679425842470e-01 6.813896473112863728e-01 4.770187765442351208e-02
3.729843181659229234e-01 5.519850541454904835e-01 6.707473638856397136e-01 4.766354527971691096e-02
3.783770095743086981e-01 5.590169943749474513e-01 6.613560124167696674e-01 4.771358348655608400e-02
3.837332125433801644e-01 5.659615711335885813e-01 6.533950345716198482e-01 4.785421851493256579e-02
3.890548140472170346e-01 5.728219618694799786e-01 6.469347633849865664e-01 4.808646958887673184e-02
3.943437010598988546e-01 5.796011559684813852e-01 6.420338408742402025e-01 4.840937390049519090e-02
3.996017605555050034e-01 5.863019699779287164e-01 6.387513425576658577e-01 4.882359392861130437e-02
4.048308795081151934e-01 5.929270612815711328e-01 6.371574509580335555e-01 4.932872658640237440e-02
4.100329448918090258e-01 5.994789404140898892e-01 6.373236928809608015e-01 4.992486820084779398e-02
4.152098436806659909e-01 6.059599821770411676e-01 6.392759966052720122e-01 5.061372711421200515e-02
4.203634628487655789e-01 6.123724356957944703e-01 6.428020696666657541e-01 5.139239271619717303e-02
4.254956893701873910e-01 6.187184335382290845e-01 6.475190873500920041e-01 5.226505085922759919e-02
4.306084102190111951e-01 6.250000000000000000e-01 6.530178397931737377e-01 5.322746828401942604e-02
4.357035123693162593e-01 6.312190586476298382e-01 6.590267244813835523e-01 5.428200636479380004e-02
4.407828827951822404e-01 6.373774391990980615e-01 6.653468969458772309e-01 5.541876064486801062e-02
4.458484084706886286e-01 6.434768838116875500e-01 6.717160553415848501e-01 5.663509871984650362e-02
4.509019763699150807e-01 6.495190528383290030e-01 6.777509307001443606e-01 5.792315587608160010e-02
4.559454734669411979e-01 6.555055301063447137e-01 6.830621079094362225e-01 5.927767997842454950e-02
4.609807867358463596e-01 6.614378277661476790e-01 6.874010549935040126e-01 6.069069847935678469e-02
4.660098031507102223e-01 6.673173907519569514e-01 6.906894875991514970e-01 6.215939166064691351e-02
4.710344096856124430e-01 6.731456008918129674e-01 6.928545649536362872e-01 6.367384559184181836e-02
4.760564933146325117e-01 6.789237807000134683e-01 6.938211008139812952e-01 6.522831010697070775e-02
4.810779410118498078e-01 6.846531968814576485e-01 6.935143989820956589e-01 6.681619861494507429e-02
4.861006397513440991e-01 6.903350635742038222e-01 6.918610861079730334e-01 6.843240331602104543e-02
4.911264765071948757e-01 6.959705453537526898e-01 6.888205767534698598e-01 7.007092859265516560e-02
4.961573382534816834e-01 7.015607600201140270e-01 6.844196533140729510e-01 7.172433663065230780e-02
5.011951119642841235e-01 7.071067811865475727e-01 6.787993538826009310e-01 7.338451837577256165e-02
5.062416557174810317e-01 7.126096406869611988e-01 6.721193400187980282e-01 7.504963617896687200e-02
5.112986934126425576e-01 7.180703308172535770e-01 6.644638484239604459e-01 7.670930449460078293e-02
5.163679100321042492e-01 7.234898064243890925e-01 6.558624177497719421e-01 7.836012129721318942e-02
5.214509905540808399e-01 7.288689868556625928e-01 6.463650982754923779e-01 7.999800957960102876e-02
5.265496199567877289e-01 7.342087577794206288e-01 6.360464328514972010e-01 8.162601165708968654e-02
5.316654832184396495e-01 7.395099728874520162e-01 6.249744701535907554e-01 8.324552425756905072e-02
5.368002653172517791e-01 7.447734554883115310e-01 6.132088499614356536e-01 8.486186023080447005e-02
5.419556512314391838e-01 7.500000000000000000e-01 6.008151090656868032e-01 8.647505088514678695e-02
5.471333259392169301e-01 7.551903733496607707e-01 5.878572006918434401e-01 8.809012489236707488e-02
5.523349744187997512e-01 7.603453162872774174e-01 5.743995988030886624e-01 8.970448811037298742e-02
5.575622816484030464e-01 7.654655446197431434e-01 5.605047903830165934e-01 9.132638193140862892e-02
5.628169326062416600e-01 7.705517503711220018e-01 5.462372272544021579e-01 9.295696983727362583e-02
5.681006122705305472e-01 7.756046028744285614e-01 5.316583720586863793e-01 9.459654506805859064e-02
5.734150056194848855e-01 7.806247497997997886e-01 5.168315576630775343e-01 9.624949375173938448e-02
5.787617976313197410e-01 7.856128181235334518e-01 5.018186859300737268e-01 9.791682444514271388e-02
5.841426732842498470e-01 7.905694150420948807e-01 4.866820697798696638e-01 9.960365307943179480e-02
5.895596002443396211e-01 7.954951288348659499e-01 4.714828681492752582e-01 1.013096226527971516e-01
5.950158106901071164e-01 8.003905296791060664e-01 4.562813317252589207e-01 1.030392967868854343e-01
6.005148902318744319e-01 8.052561704203203830e-01 4.411377859486850239e-01 1.047942194113186259e-01
6.060604244963206932e-01 8.100925873009825473e-01 4.261113763816318234e-01 1.065776197257576469e-01
6.116559991101250260e-01 8.149003006503311441e-01 4.112609192078369724e-01 1.083936821343785134e-01
6.173051996999665558e-01 8.196798155377500450e-01 3.966442954064370863e-01 1.102475988122323391e-01
6.230116118925238533e-01 8.244316223920574727e-01 3.823192453123170353e-01 1.121460151474451272e-01
6.287788213144769323e-01 8.291561975888499525e-01 3.683425457741301701e-01 1.140920277006516742e-01
6.346104135925042522e-01 8.338540040078958882e-01 3.547689707159497052e-01 1.160915717766434485e-01
6.405099743532852719e-01 8.385254915624211769e-01 3.416536566639465367e-01 1.181504311753691083e-01
6.464810892234991169e-01 8.431710977020026032e-01 3.290219700232415723e-01 1.202760641195146224e-01
6.525273438298244688e-01 8.477912478906585170e-01 3.168651357267684432e-01 1.224693758007329575e-01
6.586523237989408974e-01 8.523863560616159463e-01 3.051733337807056579e-01 1.247388022736797691e-01
6.648596147575275284e-01 8.569568250501304885e-01 2.939379880394736855e-01 1.270893211774220266e-01
6.711528023322633763e-01 8.615030470056388445e-01 2.831489532279720112e-01 1.295258560100829293e-01
6.775354721498271227e-01 8.660254037844385966e-01 2.727968358714084052e-01 1.320507283493021211e-01
6.840122198123366193e-01 8.705242673240074502e-01 2.628719710177064295e-01 1.346744136400794822e-01
6.905919933042498071e-01 8.750000000000000000e-01 2.533644707846745558e-01 1.373986282340202980e-01
6.972849127749924936e-01 8.794529549668930191e-01 2.442634931656134933e-01 1.402304794578113079e-01
7.041010983906541565e-01 8.838834764831844382e-01 2.355594234803597975e-01 1.431615098758167171e-01
7.110506703173233856e-01 8.882919002219934468e-01 2.272427703864506321e-01 1.461563013074402562e-01
7.181437487210895476e-01 8.926785535678563033e-01 2.193023960577130393e-01 1.491789817808059082e-01
7.253904537680411213e-01 8.970437559004577066e-01 2.117292794319970417e-01 1.521815199249059170e-01
7.328009056242676955e-01 9.013878188659972812e-01 2.045140820236263368e-01 1.551283605230762142e-01
7.403852244558580820e-01 9.057110466368398782e-01 1.976470878692884459e-01 1.579784458641998457e-01
7.481535304289012034e-01 9.100137361600647568e-01 1.911189287411279858e-01 1.606914409832964352e-01
7.561159437094862046e-01 9.142961773954870752e-01 1.849200822860017912e-01 1.632277363339903753e-01
7.642825844637021193e-01 9.185586535436918165e-01 1.790416164963740120e-01 1.655466400151414941e-01
7.726635728576380924e-01 9.228014412645875186e-01 1.734736030350995661e-01 1.676053332266410067e-01
7.812690290573828245e-01 9.270248108869578729e-01 1.682073245975493625e-01 1.693678244538893429e-01
7.901090732290252383e-01 9.312290266094587210e-01 1.632328630157665605e-01 1.707892843293757346e-01
7.991938255386549228e-01 9.354143466934853324e-01 1.585413890725855812e-01 1.718326934051964683e-01
8.085371067748903240e-01 9.395810236483067568e-01 1.541236534258521029e-01 1.724423857947097183e-01
8.181681018771470582e-01 9.437293044088437277e-01 1.499683204432472328e-01 1.725596887444278971e-01
8.281199825248178881e-01 9.478594305064438341e-01 1.460653386760190908e-01 1.721221131024998630e-01
8.384259204046415892e-01 9.519716382329885818e-01 1.424046317861401012e-01 1.710683550131737451e-01
8.491190872033587134e-01 9.560661587986472032e-01 1.389754918065990164e-01 1.693380071276660293e-01
8.602326546077075919e-01 9.601432184835759776e-01 1.357684252656718715e-01 1.668488853806762706e-01
8.717997943044295539e-01 9.642030387838445016e-01 1.327728218197848920e-01 1.635746798978135186e-01
8.838536779802629306e-01 9.682458365518542553e-01 1.299777942781633888e-01 1.592571019016821576e-01
8.964123462880972948e-01 9.722718241315028154e-01 1.273740686662604704e-01 1.530523924080714193e-01
9.094222526851936106e-01 9.762812094883318581e-01 1.249496060690100802e-01 1.438928093862071322e-01
9.228087004535907578e-01 9.802741963348826637e-01 1.226956643654452811e-01 1.303379543548923436e-01
9.364969897420839517e-01 9.842509842514763907e-01 1.205980300792057619e-01 1.114636169829195944e-01
9.505183234705538720e-01 9.882117688026185176e-01 1.186471796339820944e-01 8.857441174790704752e-02
9.653645550421513510e-01 9.921567416492215186e-01 1.168310263020390510e-01 6.574885599711248474e-02
9.816527559002773407e-01 9.960860906568266282e-01 1.151363588680091726e-01 4.716220495991683970e-02
1.000000000000000000e+00 1.000000000000000000e+00 1.135869999999999935e-01 3.444333333333333969e-02
