# 1.rho_tor 2.rho_pol 3.Te(keV) 4.ne(10^19m^-3)
#
0.000000000000000000e+00 0.000000000000000000e+00 8.107496179866875430e-01 4.451820000000000555e+00
5.626367770955685577e-02 8.838834764831837720e-02 8.133279134440977165e-01 4.446059116212452977e+00
8.000803265825813526e-02 1.249999999999999029e-01 8.155631310078395035e-01 4.440402747596088773e+00
9.800706539993418731e-02 1.530931089239485066e-01 8.174726588958671769e-01 4.434830332852263801e+00
1.132642571983274588e-01 1.767766952966367544e-01 8.190610716219474119e-01 4.429363904653801143e+00
1.268442891172583409e-01 1.976423537605238034e-01 8.203353849117132057e-01 4.423992923579681324e+00
1.391826926263355357e-01 2.165063509461097324e-01 8.213005990196990957e-01 4.418717784395278514e+00
1.505206405508532352e-01 2.338535866733713608e-01 8.219619420939154875e-01 4.413544481111512319e+00
1.610992481853316671e-01 2.500000000000000000e-01 8.223247804431730312e-01 4.408467911253644900e+00
1.711305254641022067e-01 2.651650429449552981e-01 8.223945770342383499e-01 4.403498911258322934e+00
1.806938351533607934e-01 2.795084971874736701e-01 8.221765419742468328e-01 4.398623485109527387e+00
1.898307719138962735e-01 2.931509849889643027e-01 8.216758991092647513e-01 4.393855578434537001e+00
1.985829276797321519e-01 3.061862178478973462e-01 8.208978160613695785e-01 4.389185104867220133e+00
2.069918943848916004e-01 3.186887195995491417e-01 8.198475716973603333e-01 4.384627353898172153e+00
2.150992639633979853e-01 3.307189138830738395e-01 8.185305919524681340e-01 4.380161134510215604e+00
2.229466283492745893e-01 3.423265984407288243e-01 8.169521425214618660e-01 4.375809778062976108e+00
2.305755794765448896e-01 3.535533905932737864e-01 8.151175495474030086e-01 4.371556438351072771e+00
2.380233981705761337e-01 3.644344934278312964e-01 8.130318908684300849e-01 4.367416501383392990e+00
2.453049600925721052e-01 3.749999999999999445e-01 8.107003519791419199e-01 4.363375331945890778e+00
2.524278850996787837e-01 3.852758751855611119e-01 8.081281967425290036e-01 4.359445410336035387e+00
2.593997893344279770e-01 3.952847075210473293e-01 8.053208574380922302e-01 4.355627178143723022e+00
2.662282889393524643e-01 4.050462936504912737e-01 8.022837249157713790e-01 4.351918288943502411e+00
2.729210000569840533e-01 4.145780987944250318e-01 7.990219338518040892e-01 4.348311849251995653e+00
2.794855388298551069e-01 4.238956239453292585e-01 7.955404370238892131e-01 4.344813913418487772e+00
2.859295214004978769e-01 4.330127018922192983e-01 7.918441059909843149e-01 4.341435401817196116e+00
2.922605639114445597e-01 4.419417382415922191e-01 7.879392819448882701e-01 4.338162860316510994e+00
2.984862825052275181e-01 4.506939094329986406e-01 7.838300148965802183e-01 4.335001901607852481e+00
3.046142933243788375e-01 4.592793267718458528e-01 7.795219802052330005e-01 4.331953115330046344e+00
3.106522125114308808e-01 4.677071733467427217e-01 7.750205641521932254e-01 4.329012299444710443e+00
3.166076562089155666e-01 4.759858191164942354e-01 7.703309405799900755e-01 4.326194953525769549e+00
3.224882405593653689e-01 4.841229182759271277e-01 7.654594751485804816e-01 4.323488184220877883e+00
3.283015817053127616e-01 4.921254921257381953e-01 7.604095122130499762e-01 4.320896836594240398e+00
3.340552957892894415e-01 5.000000000000000000e-01 7.551876645818642597e-01 4.318422108213129107e+00
3.397562419415552371e-01 5.077524002897475519e-01 7.497987814852532518e-01 4.316066316964408678e+00
3.454074904414968783e-01 5.153882032022075732e-01 7.442474213364381752e-01 4.313827912436478229e+00
3.510109286576470478e-01 5.229125165837972267e-01 7.385391857295484641e-01 4.311696352362067053e+00
3.565684435640850691e-01 5.303300858899105963e-01 7.326801734928732879e-01 4.309694121800253797e+00
3.620819221348907102e-01 5.376453291901642784e-01 7.266755789569460111e-01 4.307813602873951098e+00
3.675532513441435167e-01 5.448623679425842470e-01 7.205288942310471567e-01 4.306054736507154423e+00
3.729843181659229234e-01 5.519850541454904835e-01 7.142466586065254752e-01 4.304417633238033503e+00
3.783770095743086981e-01 5.590169943749474513e-01 7.078346125957489798e-01 4.302901479671402463e+00
3.837332125433801644e-01 5.659615711335885813e-01 7.012958593159090981e-01 4.301512744638391617e+00
3.890548140472170346e-01 5.728219618694799786e-01 6.946376799558647841e-01 4.300254246513318002e+00
3.943437010598988546e-01 5.796011559684813852e-01 6.878654075037361482e-01 4.299122747024017421e+00
3.996017605555050034e-01 5.863019699779287164e-01 6.809826061269214081e-01 4.298117319361766775e+00
4.048308795081151934e-01 5.929270612815711328e-01 6.739948083377573784e-01 4.297240845970965673e+00
4.100329448918090258e-01 5.994789404140898892e-01 6.669090123758560917e-01 4.296496574908037047e+00
4.152098436806659909e-01 6.059599821770411676e-01 6.597280517908049591e-01 4.295887045514746205e+00
4.203634628487655789e-01 6.123724356957944703e-01 6.524587165103931108e-01 4.295412502503253904e+00
4.254956893701873910e-01 6.187184335382290845e-01 6.451059241421250867e-01 4.295072738240499177e+00
4.306084102190111951e-01 6.250000000000000000e-01 6.376742106250889996e-01 4.294867474047669553e+00
4.357035123693162593e-01 6.312190586476298382e-01 6.301697486188706510e-01 4.294796472112641261e+00
4.407828827951822404e-01 6.373774391990980615e-01 6.225972469460473446e-01 4.294859423820362565e+00
4.458484084706886286e-01 6.434768838116875500e-01 6.149616659767466187e-01 4.295056179044182798e+00
4.509019763699150807e-01 6.495190528383290030e-01 6.072692468735778615e-01 4.295386443525489817e+00
4.559454734669411979e-01 6.555055301063447137e-01 5.995245932429709157e-01 4.295850619636082612e+00
4.609807867358463596e-01 6.614378277661476790e-01 5.917323546641088949e-01 4.296449575925290532e+00
4.660098031507102223e-01 6.673173907519569514e-01 5.838976378495460695e-01 4.297184100519481298e+00
4.710344096856124430e-01 6.731456008918129674e-01 5.760272223160858296e-01 4.298051566937169277e+00
4.760564933146325117e-01 6.789237807000134683e-01 5.681253059675740458e-01 4.299044860235497367e+00
4.810779410118498078e-01 6.846531968814576485e-01 5.601969474123549286e-01 4.300160617204006996e+00
4.861006397513440991e-01 6.903350635742038222e-01 5.522473147084245859e-01 4.301407201210006193e+00
4.911264765071948757e-01 6.959705453537526898e-01 5.442823523985738099e-01 4.302786372237811463e+00
4.961573382534816834e-01 7.015607600201140270e-01 5.363065231247483577e-01 4.304286462797247026e+00
5.011951119642841235e-01 7.071067811865475727e-01 5.283264977528101536e-01 4.305910075740001730e+00
5.062416557174810317e-01 7.126096406869611988e-01 5.203457919992982017e-01 4.307662886545147174e+00
5.112986934126425576e-01 7.180703308172535770e-01 5.123702133789111990e-01 4.309537188340793357e+00
5.163679100321042492e-01 7.234898064243890925e-01 5.044042732915100524e-01 4.311533775558037185e+00
5.214509905540808399e-01 7.288689868556625928e-01 4.964543430503527421e-01 4.313656032994440004e+00
5.265496199567877289e-01 7.342087577794206288e-01 4.885254576235970592e-01 4.315908666023450913e+00
5.316654832184396495e-01 7.395099728874520162e-01 4.806229531398715227e-01 4.318297690751291107e+00
5.368002653172517791e-01 7.447734554883115310e-01 4.727511560375731170e-01 4.320838558672610574e+00
5.419556512314391838e-01 7.500000000000000000e-01 4.649160766016928181e-01 4.323533035652534551e+00
5.471333259392169301e-01 7.551903733496607707e-01 4.571232138596538208e-01 4.326384293326325903e+00
5.523349744187997512e-01 7.603453162872774174e-01 4.493764236591065719e-01 4.329394887609748999e+00
5.575622816484030464e-01 7.654655446197431434e-01 4.416829692380899175e-01 4.332588858154148959e+00
5.628169326062416600e-01 7.705517503711220018e-01 4.340457195472389174e-01 4.335961720405409281e+00
5.681006122705305472e-01 7.756046028744285614e-01 4.264722695054132262e-01 4.339522681244512015e+00
5.734150056194848855e-01 7.806247497997997886e-01 4.189660816008038968e-01 4.343281119305771654e+00
5.787617976313197410e-01 7.856128181235334518e-01 4.115340065187154672e-01 4.347235419838567871e+00
5.841426732842498470e-01 7.905694150420948807e-01 4.041797766395039404e-01 4.351398177183909866e+00
5.895596002443396211e-01 7.954951288348659499e-01 3.969102651601627563e-01 4.355785201905232995e+00
5.950158106901071164e-01 8.003905296791060664e-01 3.897291117316761810e-01 4.360389700571766447e+00
6.005148902318744319e-01 8.052561704203203830e-01 3.826434209179611634e-01 4.365218766277554785e+00
6.060604244963206932e-01 8.100925873009825473e-01 3.756569153406055239e-01 4.370295063704048744e+00
6.116559991101250260e-01 8.149003006503311441e-01 3.687759096772464940e-01 4.375575132872874029e+00
6.173051996999665558e-01 8.196798155377500450e-01 3.620059575427743703e-01 4.381052767573695661e+00
6.230116118925238533e-01 8.244316223920574727e-01 3.553522933733375133e-01 4.386700934608431801e+00
6.287788213144769323e-01 8.291561975888499525e-01 3.488206657303772329e-01 4.392489799283814556e+00
6.346104135925042522e-01 8.338540040078958882e-01 3.424170602406176878e-01 4.398392521334833383e+00
6.405099743532852719e-01 8.385254915624211769e-01 3.361448152838337755e-01 4.404394653410871996e+00
6.464810892234991169e-01 8.431710977020026032e-01 3.300106179647208093e-01 4.410475344380561324e+00
6.525273438298244688e-01 8.477912478906585170e-01 3.240209141580999153e-01 4.416587997591451931e+00
6.586523237989408974e-01 8.523863560616159463e-01 3.181805609352512110e-01 4.422726949310683331e+00
6.648596147575275284e-01 8.569568250501304885e-01 3.124941424360955233e-01 4.428865358051240264e+00
6.711528023322633763e-01 8.615030470056388445e-01 3.069682619583511407e-01 4.434973529338586573e+00
6.775354721498271227e-01 8.660254037844385966e-01 3.016083700130326450e-01 4.441023545682274865e+00
6.840122198123366193e-01 8.705242673240074502e-01 2.964212779532871544e-01 4.447007460064561712e+00
6.905919933042498071e-01 8.750000000000000000e-01 2.914110989905622229e-01 4.452873930667554880e+00
6.972849127749924936e-01 8.794529549668930191e-01 2.865841424231459489e-01 4.458626349218804741e+00
7.041010983906541565e-01 8.838834764831844382e-01 2.819480206514139997e-01 4.464263475630500189e+00
7.110506703173233856e-01 8.882919002219934468e-01 2.775071739058782017e-01 4.469906806735856719e+00
7.181437487210895476e-01 8.926785535678563033e-01 2.732681324987896732e-01 4.475695524989035334e+00
7.253904537680411213e-01 8.970437559004577066e-01 2.692375490360776058e-01 4.481739642852605954e+00
7.328009056242676955e-01 9.013878188659972812e-01 2.654208693814602560e-01 4.488178207599906600e+00
7.403852244558580820e-01 9.057110466368398782e-01 2.618226416846037852e-01 4.495153323160726799e+00
7.481535304289012034e-01 9.100137361600647568e-01 2.584499224117634553e-01 4.502781507507723546e+00
7.561159437094862046e-01 9.142961773954870752e-01 2.553049802475180208e-01 4.511207311846183288e+00
7.642825844637021193e-01 9.185586535436918165e-01 2.523936120430282370e-01 4.520545662922544672e+00
7.726635728576380924e-01 9.228014412645875186e-01 2.497143884505720057e-01 4.530933559327227300e+00
7.812690290573828245e-01 9.270248108869578729e-01 2.472643106041779448e-01 4.542510678727362361e+00
7.901090732290252383e-01 9.312290266094587210e-01 2.450335179632136817e-01 4.555387525290243822e+00
7.991938255386549228e-01 9.354143466934853324e-01 2.430050410544956352e-01 4.569622885600366224e+00
8.085371067748903240e-01 9.395810236483067568e-01 2.411282715674046562e-01 4.584260754680467898e+00
8.181681018771470582e-01 9.437293044088437277e-01 2.393181815771669996e-01 4.597716511700468800e+00
8.281199825248178881e-01 9.478594305064438341e-01 2.374519695356819560e-01 4.608387560899427804e+00
8.384259204046415892e-01 9.519716382329885818e-01 2.352509828489314503e-01 4.614683225945943157e+00
8.491190872033587134e-01 9.560661587986472032e-01 2.323129068558411614e-01 4.615020206197823605e+00
8.602326546077075919e-01 9.601432184835759776e-01 2.279268545992637895e-01 4.607802140644667865e+00
8.717997943044295539e-01 9.642030387838445016e-01 2.210222808754755963e-01 4.591374997659567470e+00
8.838536779802629306e-01 9.682458365518542553e-01 2.101219358077095201e-01 4.555854131117759387e+00
8.964123462880972948e-01 9.722718241315028154e-01 1.936028536726101257e-01 4.474564220486434429e+00
9.094222526851936106e-01 9.762812094883318581e-01 1.704959623556372705e-01 4.309527722691652407e+00
9.228087004535907578e-01 9.802741963348826637e-01 1.417210352393628581e-01 4.008137062722330946e+00
9.364969897420839517e-01 9.842509842514763907e-01 1.106555626973619311e-01 3.527197097901871192e+00
9.505183234705538720e-01 9.882117688026185176e-01 8.184579909832524758e-02 2.890123102134941835e+00
9.653645550421513510e-01 9.921567416492215186e-01 5.856917557357568110e-02 2.216255151776417520e+00
9.816527559002773407e-01 9.960860906568266282e-01 4.167154728881062448e-02 1.645060298438337343e+00
1.000000000000000000e+00 1.000000000000000000e+00 3.043799999999999978e-02 1.244159999999999933e+00
