# 1.rho_tor 2.rho_pol 3.Te(keV) 4.ne(10^19m^-3)
#
0.000000000000000000e+00 0.000000000000000000e+00 8.107050000000000090e-01 4.449357871153866384e+00
5.626367770955685577e-02 8.838834764831837720e-02 8.132492932109843808e-01 4.444539488976332109e+00
8.000803265825813526e-02 1.249999999999999029e-01 8.154631006702806051e-01 4.438496768707159923e+00
9.800706539993418731e-02 1.530931089239485066e-01 8.173525562418058055e-01 4.432139737161571169e+00
1.132642571983274588e-01 1.767766952966367544e-01 8.189208417518263339e-01 4.425557578550444404e+00
1.268442891172583409e-01 1.976423537605238034e-01 8.201744598694374888e-01 4.418803722736862838e+00
1.391826926263355357e-01 2.165063509461097324e-01 8.211182945098747243e-01 4.411966363800550184e+00
1.505206405508532352e-01 2.338535866733713608e-01 8.217575737687060622e-01 4.405124703979128142e+00
1.610992481853316671e-01 2.500000000000000000e-01 8.220975204873173237e-01 4.398286863834484528e+00
1.711305254641022067e-01 2.651650429449552981e-01 8.221433599104622791e-01 4.391424215864036640e+00
1.806938351533607934e-01 2.795084971874736701e-01 8.219002675890364484e-01 4.384563661908761567e+00
1.898307719138962735e-01 2.931509849889643027e-01 8.213734995641596148e-01 4.377742507454989607e+00
1.985829276797321519e-01 3.061862178478973462e-01 8.205682408622609891e-01 4.370986349702907781e+00
2.069918943848916004e-01 3.186887195995491417e-01 8.194897684009568861e-01 4.364310611025404185e+00
2.150992639633979853e-01 3.307189138830738395e-01 8.181434823509086129e-01 4.357722010961861514e+00
2.229466283492745893e-01 3.423265984407288243e-01 8.165345946167776869e-01 4.351219939819029214e+00
2.305755794765448896e-01 3.535533905932737864e-01 8.146683449993368242e-01 4.344797718514715079e+00
2.380233981705761337e-01 3.644344934278312964e-01 8.125497088234553411e-01 4.338447438975055803e+00
2.453049600925721052e-01 3.749999999999999445e-01 8.101838482546070974e-01 4.332176808149454494e+00
2.524278850996787837e-01 3.852758751855611119e-01 8.075760348939124977e-01 4.325997420236485702e+00
2.593997893344279770e-01 3.952847075210473293e-01 8.047317089228305242e-01 4.319918884961409411e+00
2.662282889393524643e-01 4.050462936504912737e-01 8.016562687369801488e-01 4.313949010921341198e+00
2.729210000569840533e-01 4.145780987944250318e-01 7.983548557520889766e-01 4.308093987847593453e+00
2.794855388298551069e-01 4.238956239453292585e-01 7.948324279619599642e-01 4.302358562826276156e+00
2.859295214004978769e-01 4.330127018922192983e-01 7.910938598253641763e-01 4.296746209184489018e+00
2.922605639114445597e-01 4.419417382415922191e-01 7.871454903593394503e-01 4.291259287179396864e+00
2.984862825052275181e-01 4.506939094329986406e-01 7.829913662247122152e-01 4.285899195980986676e+00
3.046142933243788375e-01 4.592793267718458528e-01 7.786371526011759414e-01 4.280666516726797433e+00
3.106522125114308808e-01 4.677071733467427217e-01 7.740882202989899374e-01 4.275561146657139489e+00
3.166076562089155666e-01 4.759858191164942354e-01 7.693497215876825557e-01 4.270582424520623199e+00
3.224882405593653689e-01 4.841229182759271277e-01 7.644279912601402716e-01 4.265729247579122863e+00
3.283015817053127616e-01 4.921254921257381953e-01 7.593263399496178456e-01 4.261000180645049262e+00
3.340552957892894415e-01 5.000000000000000000e-01 7.540513321948997261e-01 4.256393557657444759e+00
3.397562419415552371e-01 5.077524002897475519e-01 7.486077712293662811e-01 4.251908166455912408e+00
3.454074904414968783e-01 5.153882032022075732e-01 7.430002080203986781e-01 4.247545596283583968e+00
3.510109286576470478e-01 5.229125165837972267e-01 7.372342486447324150e-01 4.243308057439942438e+00
3.565684435640850691e-01 5.303300858899105963e-01 7.313159962833684080e-01 4.239197454129252307e+00
3.620819221348907102e-01 5.376453291901642784e-01 7.252506526546554921e-01 4.235215410677509063e+00
3.675532513441435167e-01 5.448623679425842470e-01 7.190417229251594433e-01 4.231363297108951649e+00
3.729843181659229234e-01 5.519850541454904835e-01 7.126957526452368796e-01 4.227642253723109533e+00
3.783770095743086981e-01 5.590169943749474513e-01 7.062184910727832277e-01 4.224053214638836984e+00
3.837332125433801644e-01 5.659615711335885813e-01 6.996130587959691338e-01 4.220596930282757064e+00
3.890548140472170346e-01 5.728219618694799786e-01 6.928867425155731397e-01 4.217273988809003171e+00
3.943437010598988546e-01 5.796011559684813852e-01 6.860448866700034065e-01 4.214084836445418425e+00
3.996017605555050034e-01 5.863019699779287164e-01 6.790910736008750614e-01 4.211029796768458233e+00
4.048308795081151934e-01 5.929270612815711328e-01 6.720308477980321271e-01 4.208109088915039209e+00
4.100329448918090258e-01 5.994789404140898892e-01 6.648712134296517196e-01 4.205322844744623367e+00
4.152098436806659909e-01 6.059599821770411676e-01 6.576150262021568382e-01 4.202671124969000083e+00
4.203634628487655789e-01 6.123724356957944703e-01 6.502690823239402063e-01 4.200153934270556277e+00
4.254956893701873910e-01 6.187184335382290845e-01 6.428383128021045723e-01 4.197771235432517400e+00
4.306084102190111951e-01 6.250000000000000000e-01 6.353272686360800225e-01 4.195522962506628595e+00
4.357035123693162593e-01 6.312190586476298382e-01 6.277421292077546289e-01 4.193409033045191414e+00
4.407828827951822404e-01 6.373774391990980615e-01 6.200876163011760367e-01 4.191429359425336010e+00
4.458484084706886286e-01 6.434768838116875500e-01 6.123687014769360060e-01 4.189583859293903423e+00
4.509019763699150807e-01 6.495190528383290030e-01 6.045916288555776008e-01 4.187872465161452951e+00
4.559454734669411979e-01 6.555055301063447137e-01 5.967610128707901973e-01 4.186295133173728367e+00
4.609807867358463596e-01 6.614378277661476790e-01 5.888815130506259710e-01 4.184851851088422059e+00
4.660098031507102223e-01 6.673173907519569514e-01 5.809582422820032122e-01 4.183542645484401135e+00
4.710344096856124430e-01 6.731456008918129674e-01 5.729979731565280066e-01 4.182367588229687350e+00
4.760564933146325117e-01 6.789237807000134683e-01 5.650049120851788897e-01 4.181326802233417794e+00
4.810779410118498078e-01 6.846531968814576485e-01 5.569841191045706852e-01 4.180420466505904820e+00
4.861006397513440991e-01 6.903350635742038222e-01 5.489407611777592511e-01 4.179648820549683563e+00
4.911264765071948757e-01 6.959705453537526898e-01 5.408807733180940325e-01 4.179012168103166225e+00
4.961573382534816834e-01 7.015607600201140270e-01 5.328086184644641454e-01 4.178510880257245041e+00
5.011951119642841235e-01 7.071067811865475727e-01 5.247309464000233792e-01 4.178145397963933583e+00
5.062416557174810317e-01 7.126096406869611988e-01 5.166512782933566639e-01 4.177916234874746060e+00
5.112986934126425576e-01 7.180703308172535770e-01 5.085754093131813480e-01 4.177823975250225530e+00
5.163679100321042492e-01 7.234898064243890925e-01 5.005078504025981534e-01 4.177869258657879392e+00
5.214509905540808399e-01 7.288689868556625928e-01 4.924549512826946196e-01 4.178052776888952380e+00
5.265496199567877289e-01 7.342087577794206288e-01 4.844217361626022567e-01 4.178375273761595565e+00
5.316654832184396495e-01 7.395099728874520162e-01 4.764135247079033797e-01 4.178837544472067123e+00
5.368002653172517791e-01 7.447734554883115310e-01 4.684346365716164917e-01 4.179440434505936608e+00
5.419556512314391838e-01 7.500000000000000000e-01 4.604910524853772502e-01 4.180184838121385305e+00
5.471333259392169301e-01 7.551903733496607707e-01 4.525882441158496361e-01 4.181071696416838179e+00
5.523349744187997512e-01 7.603453162872774174e-01 4.447300592812201692e-01 4.182101994995250038e+00
5.575622816484030464e-01 7.654655446197431434e-01 4.369237026494001142e-01 4.183276761237724628e+00
5.628169326062416600e-01 7.705517503711220018e-01 4.291720434811600593e-01 4.184597061199606394e+00
5.681006122705305472e-01 7.756046028744285614e-01 4.214826029876879709e-01 4.186063996142713961e+00
5.734150056194848855e-01 7.806247497997997886e-01 4.138588285252300381e-01 4.187678698718081627e+00
5.787617976313197410e-01 7.856128181235334518e-01 4.063074963837931541e-01 4.189442328814383387e+00
5.841426732842498470e-01 7.905694150420948807e-01 3.988323115775732064e-01 4.191356069088017833e+00
5.895596002443396211e-01 7.954951288348659499e-01 3.914400452137383746e-01 4.193421231554503414e+00
5.950158106901071164e-01 8.003905296791060664e-01 3.841342250397890568e-01 4.195639699739920125e+00
6.005148902318744319e-01 8.052561704203203830e-01 3.769217479091672707e-01 4.198013675866003602e+00
6.060604244963206932e-01 8.100925873009825473e-01 3.698061826417936016e-01 4.200545549028956493e+00
6.116559991101250260e-01 8.149003006503311441e-01 3.627936235211146054e-01 4.203237883756697713e+00
6.173051996999665558e-01 8.196798155377500450e-01 3.558894039225533046e-01 4.206093407806569928e+00
6.230116118925238533e-01 8.244316223920574727e-01 3.490985303645434135e-01 4.209114999184138561e+00
6.287788213144769323e-01 8.291561975888499525e-01 3.424264954962125684e-01 4.212305672365886267e+00
6.346104135925042522e-01 8.338540040078958882e-01 3.358790051618363859e-01 4.215668563702334559e+00
6.405099743532852719e-01 8.385254915624211769e-01 3.294591730099111770e-01 4.219206915967453675e+00
6.464810892234991169e-01 8.431710977020026032e-01 3.231733561459477766e-01 4.222924062002309853e+00
6.525273438298244688e-01 8.477912478906585170e-01 3.170276540887151939e-01 4.226823407371174568e+00
6.586523237989408974e-01 8.523863560616159463e-01 3.110266046568211373e-01 4.230908411900141886e+00
6.648596147575275284e-01 8.569568250501304885e-01 3.051744659926962089e-01 4.235182569890711513e+00
6.711528023322633763e-01 8.615030470056388445e-01 2.994774306699226618e-01 4.239649388677547925e+00
6.775354721498271227e-01 8.660254037844385966e-01 2.939405537033047966e-01 4.244312365004637044e+00
6.840122198123366193e-01 8.705242673240074502e-01 2.885701199393617133e-01 4.249175726852822521e+00
6.905919933042498071e-01 8.750000000000000000e-01 2.833695361720336425e-01 4.254247110176870628e+00
6.972849127749924936e-01 8.794529549668930191e-01 2.783442256773307477e-01 4.259535389276328132e+00
7.041010983906541565e-01 8.838834764831844382e-01 2.735008249393729440e-01 4.265049750773257209e+00
7.110506703173233856e-01 8.882919002219934468e-01 2.688429007331655241e-01 4.270799592259431066e+00
7.181437487210895476e-01 8.926785535678563033e-01 2.643759985030702531e-01 4.276794390387997247e+00
7.253904537680411213e-01 8.970437559004577066e-01 2.601057556353714162e-01 4.283043520344227417e+00
7.328009056242676955e-01 9.013878188659972812e-01 2.560366445632608623e-01 4.289555996731913012e+00
7.403852244558580820e-01 9.057110466368398782e-01 2.521722850592869603e-01 4.296340085489696925e+00
7.481535304289012034e-01 9.100137361600647568e-01 2.485186784632438250e-01 4.303402701085230930e+00
7.561159437094862046e-01 9.142961773954870752e-01 2.450773179658032319e-01 4.310748441350001237e+00
7.642825844637021193e-01 9.185586535436918165e-01 2.418530672156260497e-01 4.318378002855234321e+00
7.726635728576380924e-01 9.228014412645875186e-01 2.388440591789008083e-01 4.326285523945099243e+00
7.812690290573828245e-01 9.270248108869578729e-01 2.360470881583607294e-01 4.334454048367134327e+00
7.901090732290252383e-01 9.312290266094587210e-01 2.334527255683797042e-01 4.342847654371146504e+00
7.991938255386549228e-01 9.354143466934853324e-01 2.310452096723706883e-01 4.351397594918772427e+00
8.085371067748903240e-01 9.395810236483067568e-01 2.287778339336128675e-01 4.359980885109375315e+00
8.181681018771470582e-01 9.437293044088437277e-01 2.265721444031979226e-01 4.368384157945979673e+00
8.281199825248178881e-01 9.478594305064438341e-01 2.243161458596180102e-01 4.376202688880138858e+00
8.384259204046415892e-01 9.519716382329885818e-01 2.217570998985365638e-01 4.382663378583679048e+00
8.491190872033587134e-01 9.560661587986472032e-01 2.185333027473682632e-01 4.386286282037393569e+00
8.602326546077075919e-01 9.601432184835759776e-01 2.140075040785094362e-01 4.384216055962730785e+00
8.717997943044295539e-01 9.642030387838445016e-01 2.072237624548165513e-01 4.370900917991001222e+00
8.838536779802629306e-01 9.682458365518542553e-01 1.968655522120137391e-01 4.335540538022932822e+00
8.964123462880972948e-01 9.722718241315028154e-01 1.814860955262868891e-01 4.257647790854216296e+00
9.094222526851936106e-01 9.762812094883318581e-01 1.602122890470601690e-01 4.102018193680343927e+00
9.228087004535907578e-01 9.802741963348826637e-01 1.338323819394100778e-01 3.819245092019160737e+00
9.364969897420839517e-01 9.842509842514763907e-01 1.053179399620724488e-01 3.369381050495463104e+00
9.505183234705538720e-01 9.882117688026185176e-01 7.872452801148153989e-02 2.774586819488943590e+00
9.653645550421513510e-01 9.921567416492215186e-01 5.704528723054312633e-02 2.137643260220734920e+00
9.816527559002773407e-01 9.960860906568266282e-01 4.113526780017862788e-02 1.604675072547172121e+00
1.000000000000000000e+00 1.000000000000000000e+00 3.043799999999999978e-02 1.261583758602596861e+00
