# 1.rho_tor 2.rho_pol 3.Tz(keV) 4.nz(10^19m^-3)
#
0.000000000000000000e+00 0.000000000000000000e+00 1.221635999999999944e+00 5.765759159864192185e-01
5.320527902240441975e-02 8.838834764831821067e-02 1.203267948167867862e+00 5.652848786801588643e-01
7.557542376373038717e-02 1.250000000000000000e-01 1.192116385886026197e+00 5.574699137870434695e-01
9.264725649654931283e-02 1.530931089239485066e-01 1.182299021182165788e+00 5.501268397870595628e-01
1.071389049935659171e-01 1.767766952966368932e-01 1.173149805109532151e+00 5.430213199656992451e-01
1.200633440837331062e-01 1.976423537605236092e-01 1.164479232985417001e+00 5.360238063730721203e-01
1.318336346140430160e-01 2.165063509461096769e-01 1.156192566961305346e+00 5.290584295599582987e-01
1.426774885086583566e-01 2.338535866733712498e-01 1.148236056329112298e+00 5.221053597848563932e-01
1.528225628278748194e-01 2.500000000000000000e-01 1.140579131537484470e+00 5.151626900479447935e-01
1.624689763563940681e-01 2.651650429449552426e-01 1.133202012025076977e+00 5.082371134513349320e-01
1.716913426713168322e-01 2.795084971874737256e-01 1.126079555729190718e+00 5.013300401044717969e-01
1.805285407466126479e-01 2.931509849889643027e-01 1.119188127769167096e+00 4.944419842971777834e-01
1.890194469762994933e-01 3.061862178478972907e-01 1.112508067832402192e+00 4.875746383410526907e-01
1.972029377543950412e-01 3.186887195995490307e-01 1.106021938299966534e+00 4.807300605118790537e-01
2.051178894749172699e-01 3.307189138830738395e-01 1.099716060482872626e+00 4.739128587958340577e-01
2.128031785318839075e-01 3.423265984407287688e-01 1.093579387663636826e+00 4.671242691274218317e-01
2.202976813193128491e-01 3.535533905932737864e-01 1.087601243206903101e+00 4.603718033074940541e-01
2.276362192528090245e-01 3.644344934278312409e-01 1.081771433580234199e+00 4.536524876926795735e-01
2.348325397124393921e-01 3.750000000000000555e-01 1.076081872808772433e+00 4.469698797770912946e-01
2.418935653537809816e-01 3.852758751855610009e-01 1.070525535262188521e+00 4.403311964145050772e-01
2.488262153384888375e-01 3.952847075210474403e-01 1.065096050540709438e+00 4.337368829793066816e-01
2.556374088282176715e-01 4.050462936504912181e-01 1.059786869767105788e+00 4.271918507851629743e-01
2.623340649846224171e-01 4.145780987944250318e-01 1.054592188103895323e+00 4.206993488603312237e-01
2.689231029693580077e-01 4.238956239453292585e-01 1.049507577885644194e+00 4.142633456174643625e-01
2.754114419440792383e-01 4.330127018922192428e-01 1.044527758235515469e+00 4.078832848559297841e-01
2.818060010704411811e-01 4.419417382415922191e-01 1.039648130726515518e+00 4.015595992164043282e-01
2.881136995100986309e-01 4.506939094329986961e-01 1.034864200756126618e+00 3.952950774241259513e-01
2.943414564247062715e-01 4.592793267718459083e-01 1.030172331103937466e+00 3.890951597179783672e-01
3.004961909759192862e-01 4.677071733467426107e-01 1.025570039021760138e+00 3.829627530301241700e-01
3.065848223253925808e-01 4.759858191164942909e-01 1.021049988414744814e+00 3.769021601473648841e-01
3.126142696347808392e-01 4.841229182759271277e-01 1.016596169251764215e+00 3.709135999628870861e-01
3.185914520657388560e-01 4.921254921257381953e-01 1.012188256409863207e+00 3.650024033327081696e-01
3.245232887799218702e-01 4.999999999999999445e-01 1.007805686914990062e+00 3.591656947658578569e-01
3.304159666647791815e-01 5.077524002897475519e-01 1.003427857222840558e+00 3.534055220684327314e-01
3.362720075710612377e-01 5.153882032022075732e-01 9.990342240648945049e-01 3.477238416929087639e-01
3.420927890944817085e-01 5.229125165837972267e-01 9.946059964410965959e-01 3.421200346818812354e-01
3.478796884491914265e-01 5.303300858899105963e-01 9.901242662207064837e-01 3.365962295098793855e-01
3.536340828493415578e-01 5.376453291901641673e-01 9.855691378857509566e-01 3.311551978653636819e-01
3.593573495090828795e-01 5.448623679425842470e-01 9.809231119567909385e-01 3.257988958715906658e-01
3.650508656425665577e-01 5.519850541454904835e-01 9.761672363024537225e-01 3.205291639275477666e-01
3.707160084639431474e-01 5.590169943749474513e-01 9.712827747106268506e-01 3.153482814805870227e-01
3.763541551873639257e-01 5.659615711335885813e-01 9.662520963940514074e-01 3.102594442491041216e-01
3.819666830269795588e-01 5.728219618694799786e-01 9.610579406739180319e-01 3.052651506428761263e-01
3.875549691969413235e-01 5.796011559684814962e-01 9.556823041202547886e-01 3.003684701187070427e-01
3.931203909113998862e-01 5.863019699779287164e-01 9.501066992620431639e-01 2.955724211901668008e-01
3.986643253845061907e-01 5.929270612815711328e-01 9.443151306815883439e-01 2.908774731147308890e-01
4.041881498304112919e-01 5.994789404140898892e-01 9.382900027549863076e-01 2.862894147406207512e-01
4.096932414632661335e-01 6.059599821770411676e-01 9.320132338188756860e-01 2.818089775318110002e-01
4.151809774972217149e-01 6.123724356957944703e-01 9.254685421294539527e-01 2.774431014274623686e-01
4.206527351464287579e-01 6.187184335382290845e-01 9.186395090871283253e-01 2.731892598735818911e-01
4.261098916250383173e-01 6.250000000000000000e-01 9.115076009520753919e-01 2.690543084435114696e-01
4.315538241472012815e-01 6.312190586476298382e-01 9.040577171909488507e-01 2.650388531974395279e-01
4.369859099270687053e-01 6.373774391990980615e-01 8.962723445656431975e-01 2.611482153278498197e-01
4.424075261787914770e-01 6.434768838116875500e-01 8.881354668984265954e-01 2.573819219733857744e-01
4.478200501165204850e-01 6.495190528383290030e-01 8.796493833235994320e-01 2.537432513916700882e-01
4.532248589544067285e-01 6.555055301063447137e-01 8.708290248952200718e-01 2.502374330404723013e-01
4.586233299066010405e-01 6.614378277661476790e-01 8.616889578517139547e-01 2.468683642967244851e-01
4.640168401872545312e-01 6.673173907519569514e-01 8.522446156600679279e-01 2.436352715938765179e-01
4.694067670105179779e-01 6.731456008918129674e-01 8.425105466320280678e-01 2.405411028847274368e-01
4.747944875905426021e-01 6.789237807000134683e-01 8.325017738264360867e-01 2.375926752338236858e-01
4.801813791414787924e-01 6.846531968814576485e-01 8.222332960606409946e-01 2.347909692659601311e-01
4.855688188774780478e-01 6.903350635742038222e-01 8.117200918511860985e-01 2.321409104343190033e-01
4.909581840126909791e-01 6.959705453537526898e-01 8.009764701045438695e-01 2.296439661867938908e-01
4.963508517612687521e-01 7.015607600201140270e-01 7.900166023514533231e-01 2.273031915784237134e-01
5.017481993373619220e-01 7.071067811865475727e-01 7.788560771191815890e-01 2.251220009529912025e-01
5.071515410358218290e-01 7.126096406869611988e-01 7.675074285716384503e-01 2.231068024516528747e-01
5.125618989883370391e-01 7.180703308172535770e-01 7.559859592323082689e-01 2.212573958836420440e-01
5.179802105872500784e-01 7.234898064243890925e-01 7.443046198534806202e-01 2.195810764536683113e-01
5.234074132159322046e-01 7.288689868556625928e-01 7.324793807644663923e-01 2.180778603422153517e-01
5.288444442577528992e-01 7.342087577794206288e-01 7.205227356798999949e-01 2.167534233357370499e-01
5.342922410960833091e-01 7.395099728874520162e-01 7.084496706163296853e-01 2.156106968691335057e-01
5.397517411142938037e-01 7.447734554883115310e-01 6.962736977196897215e-01 2.146537889355506767e-01
5.452238816957547529e-01 7.500000000000000000e-01 6.840083429350263255e-01 2.138884295948378089e-01
5.507096002238365262e-01 7.551903733496607707e-01 6.716683163603751616e-01 2.133132297679084244e-01
5.562098340819098263e-01 7.603453162872774174e-01 6.592667697120535575e-01 2.129345793403233378e-01
5.617255206533448009e-01 7.654655446197431434e-01 6.468188006884314500e-01 2.127601117024150723e-01
5.672575973215122636e-01 7.705517503711220018e-01 6.343361634437824081e-01 2.127914293224766051e-01
5.728070014697824730e-01 7.756046028744285614e-01 6.218345262234703519e-01 2.130315882486273349e-01
5.783746704815256878e-01 7.806247497997997886e-01 6.093274503917754936e-01 2.134862126006569771e-01
5.839615417401126107e-01 7.856128181235334518e-01 5.968277671593270606e-01 2.141586800375765709e-01
5.895685526289138334e-01 7.905694150420948807e-01 5.843492241247252306e-01 2.150541494199193493e-01
5.951970991273513034e-01 7.954951288348659499e-01 5.719063301171209979e-01 2.161811638413744796e-01
6.008506285956253246e-01 8.003905296791060664e-01 5.595122266041823167e-01 2.175404832159542057e-01
6.065331617557909727e-01 8.052561704203203830e-01 5.471818965203517626e-01 2.191397091236879091e-01
6.122487193564394303e-01 8.100925873009825473e-01 5.349274265145584906e-01 2.209807258454512813e-01
6.180013221461616579e-01 8.149003006503311441e-01 5.227640920094657195e-01 2.230738966386372479e-01
6.237949908735495042e-01 8.196798155377500450e-01 5.107048380606576954e-01 2.254238542080724828e-01
6.296337462871937074e-01 8.244316223920574727e-01 4.987637338659777209e-01 2.280366361209308357e-01
6.355216091356856722e-01 8.291561975888499525e-01 4.869533779156237641e-01 2.309204023562541619e-01
6.414626001676168032e-01 8.338540040078958882e-01 4.752882778867221214e-01 2.340787508059624933e-01
6.474607401315782829e-01 8.385254915624211769e-01 4.637813612371932681e-01 2.375196738666671969e-01
6.535200497761611826e-01 8.431710977020026032e-01 4.524461368578399645e-01 2.412526377237508013e-01
6.596445498499569071e-01 8.477912478906585170e-01 4.412979540152275892e-01 2.452836556700506432e-01
6.658382611015566388e-01 8.523863560616159463e-01 4.303498505938939678e-01 2.496198026981488183e-01
6.721052042795518933e-01 8.569568250501304885e-01 4.196151716699287326e-01 2.542684506153448654e-01
6.784494001325335200e-01 8.615030470056388445e-01 4.091085863010309187e-01 2.592410559350130095e-01
6.848748694090931455e-01 8.660254037844385966e-01 3.988440720441905341e-01 2.645465351098183482e-01
6.913862904239744811e-01 8.705242673240074502e-01 3.888344349452941273e-01 2.701922275188116118e-01
6.979911752037160078e-01 8.750000000000000000e-01 3.790948824351658142e-01 2.761876545457062071e-01
7.046977989379774598e-01 8.794529549668930191e-01 3.696333282236684559e-01 2.825464336672781629e-01
7.115144368272682263e-01 8.838834764831844382e-01 3.604415956557528444e-01 2.892733497722617675e-01
7.184493640720970298e-01 8.882919002219934468e-01 3.515081359202978373e-01 2.963847656969397781e-01
7.255108558729728152e-01 8.926785535678563033e-01 3.428198942370507263e-01 3.038872845084811258e-01
7.327071874304041943e-01 8.970437559004577066e-01 3.343640257398197702e-01 3.117898093203491094e-01
7.400466339449004449e-01 9.013878188659972812e-01 3.261286149588263350e-01 3.200985007094168111e-01
7.475379413739655643e-01 9.057110466368398782e-01 3.181008366749991101e-01 3.288184359564955694e-01
7.551921679739674875e-01 9.100137361600648678e-01 3.102675788569631554e-01 3.379492040491865468e-01
7.630210807885859925e-01 9.142961773954870752e-01 3.026137594932347130e-01 3.474845588247034156e-01
7.710364470466901654e-01 9.185586535436918165e-01 2.951266259363971578e-01 3.574038021481998895e-01
7.792500339771489815e-01 9.228014412645875186e-01 2.877916269307333463e-01 3.676700249515694741e-01
7.876736088088309717e-01 9.270248108869579839e-01 2.805975353309181908e-01 3.782113623051167051e-01
7.963189387706052225e-01 9.312290266094587210e-01 2.735290276674459120e-01 3.889165305778198856e-01
8.051977910913407088e-01 9.354143466934853324e-01 2.665742980141939111e-01 3.996092402401973387e-01
8.143226366914210201e-01 9.395810236483067568e-01 2.597187234000254419e-01 4.100099649918781952e-01
8.237088680598193546e-01 9.437293044088437277e-01 2.529499444257574114e-01 4.196997074449829723e-01
8.333726357836590548e-01 9.478594305064437231e-01 2.462555217883180547e-01 4.280513350924578519e-01
8.433300904514603458e-01 9.519716382329885818e-01 2.396293469647584606e-01 4.341636768362989729e-01
8.535973826517434526e-01 9.560661587986472032e-01 2.330667424952513334e-01 4.367964162321235633e-01
8.641906629730286005e-01 9.601432184835760886e-01 2.265601830641967573e-01 4.343826103854186438e-01
8.751260820038359034e-01 9.642030387838445016e-01 2.201037615198340458e-01 4.249962568126769424e-01
8.864197903326859196e-01 9.682458365518542553e-01 2.136867362061087849e-01 4.070911635361820768e-01
8.980938647820777554e-01 9.722718241315028154e-01 2.073046099982684132e-01 3.792313926803166368e-01
9.101984200782946566e-01 9.762812094883318581e-01 2.009468853494853213e-01 3.415940473385146725e-01
9.227918546437816616e-01 9.802741963348826637e-01 1.946059257352640293e-01 2.961230068525005366e-01
9.359325681281557285e-01 9.842509842514763907e-01 1.882731017059559586e-01 2.465460095514094008e-01
9.497502485468483080e-01 9.882117688026185176e-01 1.819435481507017949e-01 1.975077684529000510e-01
9.646846704203684286e-01 9.921567416492215186e-01 1.756027379675374755e-01 1.530607104681112329e-01
9.812598986930620715e-01 9.960860906568267392e-01 1.692232378166947659e-01 1.156127022199165688e-01
1.000000000000000000e+00 1.000000000000000000e+00 1.631019999999999970e-01 8.716333333333325939e-02
