# 1.rho_tor 2.rho_pol 3.Ti(keV) 4.ni(10^19m^-3)
#
0.000000000000000000e+00 0.000000000000000000e+00 1.221388551743528783e+00 6.921690000000001675e+00
5.320527902240441975e-02 8.838834764831821067e-02 1.202856267959016678e+00 6.769370077472637526e+00
7.557542376373038717e-02 1.250000000000000000e-01 1.191608740889259943e+00 6.684462529391352881e+00
9.264725649654931283e-02 1.530931089239485066e-01 1.181704418170063775e+00 6.613511362626456780e+00
1.071389049935659171e-01 1.767766952966368932e-01 1.172470587033868528e+00 6.550675293605146443e+00
1.200633440837331062e-01 1.976423537605236092e-01 1.163715034277708282e+00 6.493813685864180840e+00
1.318336346140430160e-01 2.165063509461096769e-01 1.155342282774264984e+00 6.441852566624626242e+00
1.426774885086583566e-01 2.338535866733712498e-01 1.147298396132453435e+00 6.393998883997792149e+00
1.528225628278748194e-01 2.500000000000000000e-01 1.139552002944591358e+00 6.349627061304433440e+00
1.624689763563940681e-01 2.651650429449552426e-01 1.132082155867271789e+00 6.308266769935843676e+00
1.716913426713168322e-01 2.795084971874737256e-01 1.124863453681193892e+00 6.269561381286466784e+00
1.805285407466126479e-01 2.931509849889643027e-01 1.117872279309160000e+00 6.233247514313337234e+00
1.890194469762994933e-01 3.061862178478972907e-01 1.111088914264383387e+00 6.199106961098117097e+00
1.972029377543950412e-01 3.186887195995490307e-01 1.104495774837072286e+00 6.166951371349155941e+00
2.051178894749172699e-01 3.307189138830738395e-01 1.098078930362725636e+00 6.136635766038816442e+00
2.128031785318839075e-01 3.423265984407287688e-01 1.091826962710299664e+00 6.108010929767985431e+00
2.202976813193128491e-01 3.535533905932737864e-01 1.085728693965708702e+00 6.080943677014822413e+00
2.276362192528090245e-01 3.644344934278312409e-01 1.079773364065865104e+00 6.055349947710485736e+00
2.348325397124393921e-01 3.750000000000000555e-01 1.073952619731129099e+00 6.031119415868596789e+00
2.418935653537809816e-01 3.852758751855610009e-01 1.068259273279946076e+00 6.008158795064344027e+00
2.488262153384888375e-01 3.952847075210474403e-01 1.062686776817306722e+00 5.986386311640924163e+00
2.556374088282176715e-01 4.050462936504912181e-01 1.057228388716490608e+00 5.965727216081681661e+00
2.623340649846224171e-01 4.145780987944250318e-01 1.051878090446982217e+00 5.946091035283530779e+00
2.689231029693580077e-01 4.238956239453292585e-01 1.046631213683444361e+00 5.927424570235688250e+00
2.754114419440792383e-01 4.330127018922192428e-01 1.041482215408573886e+00 5.909677635369217086e+00
2.818060010704411811e-01 4.419417382415922191e-01 1.036426204481422086e+00 5.892811431932622135e+00
2.881136995100986309e-01 4.506939094329986961e-01 1.031458361848454075e+00 5.876760092128288981e+00
2.943414564247062715e-01 4.592793267718459083e-01 1.026574686496150024e+00 5.861477277028133592e+00
3.004961909759192862e-01 4.677071733467426107e-01 1.021772285785368828e+00 5.846903172157937867e+00
3.065848223253925808e-01 4.759858191164942909e-01 1.017043397981299613e+00 5.832982717847762011e+00
3.126142696347808392e-01 4.841229182759271277e-01 1.012371600426888563e+00 5.819674498976123544e+00
3.185914520657388560e-01 4.921254921257381953e-01 1.007736151165949279e+00 5.806938244673315097e+00
3.245232887799218702e-01 4.999999999999999445e-01 1.003116042692924870e+00 5.794752466026263704e+00
3.304159666647791815e-01 5.077524002897475519e-01 9.984902319409002525e-01 5.783078656564425657e+00
3.362720075710612377e-01 5.153882032022075732e-01 9.938378981652947752e-01 5.771890475766027429e+00
3.420927890944817085e-01 5.229125165837972267e-01 9.891400312536899886e-01 5.761161820528184485e+00
3.478796884491914265e-01 5.303300858899105963e-01 9.843775284638974776e-01 5.750856861297868328e+00
3.536340828493415578e-01 5.376453291901641673e-01 9.795303366342853479e-01 5.740945004752714631e+00
3.593573495090828795e-01 5.448623679425842470e-01 9.745808085085112538e-01 5.731394291662910589e+00
3.650508656425665577e-01 5.519850541454904835e-01 9.695098931282537524e-01 5.722168990788545351e+00
3.707160084639431474e-01 5.590169943749474513e-01 9.642987947002441551e-01 5.713238272583114785e+00
3.763541551873639257e-01 5.659615711335885813e-01 9.589298564712882555e-01 5.704571635563664422e+00
3.819666830269795588e-01 5.728219618694799786e-01 9.533858369802765687e-01 5.696132555993290936e+00
3.875549691969413235e-01 5.796011559684814962e-01 9.476488167094896387e-01 5.687886293841533991e+00
3.931203909113998862e-01 5.863019699779287164e-01 9.417004623664908536e-01 5.679803332234562241e+00
3.986643253845061907e-01 5.929270612815711328e-01 9.355249686707858281e-01 5.671852924347939862e+00
4.041881498304112919e-01 5.994789404140898892e-01 9.291050273797172299e-01 5.664002075007434911e+00
4.096932414632661335e-01 6.059599821770411676e-01 9.224229377287156417e-01 5.656217506554451546e+00
4.151809774972217149e-01 6.123724356957944703e-01 9.154628645762011852e-01 5.648465954680855994e+00
4.206527351464287579e-01 6.187184335382290845e-01 9.082089382236383512e-01 5.640716713929252002e+00
4.261098916250383173e-01 6.250000000000000000e-01 9.006433238668241081e-01 5.632941275616868637e+00
4.315538241472012815e-01 6.312190586476298382e-01 8.927516811008860964e-01 5.625109464643870183e+00
4.369859099270687053e-01 6.373774391990980615e-01 8.845174345116286752e-01 5.617190315517260224e+00
4.424075261787914770e-01 6.434768838116875500e-01 8.759256224130645974e-01 5.609157848437563487e+00
4.478200501165204850e-01 6.495190528383290030e-01 8.669793354820645170e-01 5.600987051075891898e+00
4.532248589544067285e-01 6.555055301063447137e-01 8.576940799872305732e-01 5.592642763921213067e+00
4.586233299066010405e-01 6.614378277661476790e-01 8.480850401184580889e-01 5.584091265293954720e+00
4.640168401872545312e-01 6.673173907519569514e-01 8.381682798788041566e-01 5.575312446685956047e+00
4.694067670105179779e-01 6.731456008918129674e-01 8.279590339772106011e-01 5.566280158193002592e+00
4.747944875905426021e-01 6.789237807000134683e-01 8.174730338768915194e-01 5.556958749550309662e+00
4.801813791414787924e-01 6.846531968814576485e-01 8.067260207958240059e-01 5.547318207470194551e+00
4.855688188774780478e-01 6.903350635742038222e-01 7.957337494206380146e-01 5.537330797840264829e+00
4.909581840126909791e-01 6.959705453537526898e-01 7.845113599922224346e-01 5.526968880254108818e+00
4.963508517612687521e-01 7.015607600201140270e-01 7.730738966147211455e-01 5.516208507181667109e+00
5.017481993373619220e-01 7.071067811865475727e-01 7.614378056600022981e-01 5.505015597792629833e+00
5.071515410358218290e-01 7.126096406869611988e-01 7.496166333896407963e-01 5.493354626228169835e+00
5.125618989883370391e-01 7.180703308172535770e-01 7.376266818006459447e-01 5.481210753804206526e+00
5.179802105872500784e-01 7.234898064243890925e-01 7.254820463277330544e-01 5.468539564145102894e+00
5.234074132159322046e-01 7.288689868556625928e-01 7.131997590272481924e-01 5.455326656985213241e+00
5.288444442577528992e-01 7.342087577794206288e-01 7.007935576977696313e-01 5.441540216321758550e+00
5.342922410960833091e-01 7.395099728874520162e-01 6.882796020567404360e-01 5.427143805944133703e+00
5.397517411142938037e-01 7.447734554883115310e-01 6.756726766223217773e-01 5.412114318246738165e+00
5.452238816957547529e-01 7.500000000000000000e-01 6.629876129826056674e-01 5.396419403843702334e+00
5.507096002238365262e-01 7.551903733496607707e-01 6.502403929325824006e-01 5.380044644846269541e+00
5.562098340819098263e-01 7.603453162872774174e-01 6.374455424436938911e-01 5.362954193083740329e+00
5.617255206533448009e-01 7.654655446197431434e-01 6.246194425977019682e-01 5.345112327411869479e+00
5.672575973215122636e-01 7.705517503711220018e-01 6.117753344596772447e-01 5.326493927641333670e+00
5.728070014697824730e-01 7.756046028744285614e-01 5.989301481967213014e-01 5.307077571716699360e+00
5.783746704815256878e-01 7.806247497997997886e-01 5.860988245314003864e-01 5.286832640498112745e+00
5.839615417401126107e-01 7.856128181235334518e-01 5.732956146358084704e-01 5.265727453850360007e+00
5.895685526289138334e-01 7.905694150420948807e-01 5.605356088440770490e-01 5.243735484090870536e+00
5.951970991273513034e-01 7.954951288348659499e-01 5.478344742816689816e-01 5.220815046602211851e+00
6.008506285956253246e-01 8.003905296791060664e-01 5.352061348274848029e-01 5.196959483938440094e+00
6.065331617557909727e-01 8.052561704203203830e-01 5.226660367273260333e-01 5.172117309443753363e+00
6.122487193564394303e-01 8.100925873009825473e-01 5.102268954947684065e-01 5.146281627709750062e+00
6.180013221461616579e-01 8.149003006503311441e-01 4.979042904821346927e-01 5.119398996581469241e+00
6.237949908735495042e-01 8.196798155377500450e-01 4.857115891894732140e-01 5.091449656182199135e+00
6.296337462871937074e-01 8.244316223920574727e-01 4.736631085916214734e-01 5.062409996368156584e+00
6.355216091356856722e-01 8.291561975888499525e-01 4.617717471844403621e-01 5.032232997490173609e+00
6.414626001676168032e-01 8.338540040078958882e-01 4.500520399027074236e-01 5.000899304868573481e+00
6.474607401315782829e-01 8.385254915624211769e-01 4.385169908584602982e-01 4.968380306795599388e+00
6.535200497761611826e-01 8.431710977020026032e-01 4.271800174881492662e-01 4.934638435422548319e+00
6.596445498499569071e-01 8.477912478906585170e-01 4.160560434453670076e-01 4.899644763566438854e+00
6.658382611015566388e-01 8.523863560616159463e-01 4.051577807890007765e-01 4.863373311597714910e+00
6.721052042795518933e-01 8.569568250501304885e-01 3.944980611015586058e-01 4.825795580544501640e+00
6.784494001325335200e-01 8.615030470056388445e-01 3.840907003137893905e-01 4.786867988069261948e+00
6.848748694090931455e-01 8.660254037844385966e-01 3.739486960299382434e-01 4.746570920693462980e+00
6.913862904239744811e-01 8.705242673240074502e-01 3.640836866576725450e-01 4.704862742902641948e+00
6.979911752037160078e-01 8.750000000000000000e-01 3.545086636620513598e-01 4.661721302322150429e+00
7.046977989379774598e-01 8.794529549668930191e-01 3.452300079752045892e-01 4.617103151025655272e+00
7.115144368272682263e-01 8.838834764831844382e-01 3.362403038285702306e-01 4.571000861832565043e+00
7.184493640720970298e-01 8.882919002219934468e-01 3.275294897086337143e-01 4.523357912488296328e+00
7.255108558729728152e-01 8.926785535678563033e-01 3.190865173761688323e-01 4.474174989225357280e+00
7.327071874304041943e-01 8.970437559004577066e-01 3.109008288896716321e-01 4.423433871805255713e+00
7.400466339449004449e-01 9.013878188659972812e-01 3.029629490425956861e-01 4.371126814905378133e+00
7.475379413739655643e-01 9.057110466368398782e-01 2.952628730123780798e-01 4.317269238655345731e+00
7.551921679739674875e-01 9.100137361600648678e-01 2.877903606931181413e-01 4.261901153489845662e+00
7.630210807885859925e-01 9.142961773954870752e-01 2.805338322117568173e-01 4.205083719476575332e+00
7.710364470466901654e-01 9.185586535436918165e-01 2.734839817534513440e-01 4.146955535951945215e+00
7.792500339771489815e-01 9.228014412645875186e-01 2.666303681078115440e-01 4.087724089654369841e+00
7.876736088088309717e-01 9.270248108869579839e-01 2.599654982666875225e-01 4.027750388606195386e+00
7.963189387706052225e-01 9.312290266094587210e-01 2.534788055315431721e-01 3.967548476877904129e+00
8.051977910913407088e-01 9.354143466934853324e-01 2.471626635219414669e-01 3.907874002476508846e+00
8.143226366914210201e-01 9.395810236483067568e-01 2.410071984317796734e-01 3.849841574185213222e+00
8.237088680598193546e-01 9.437293044088437277e-01 2.350040433409926466e-01 3.794966924331968805e+00
8.333726357836590548e-01 9.478594305064437231e-01 2.291446065038390267e-01 3.745267351807681333e+00
8.433300904514603458e-01 9.519716382329885818e-01 2.234248971381120885e-01 3.703196519931045483e+00
8.535973826517434526e-01 9.560661587986472032e-01 2.178415031519446432e-01 3.671282241913349953e+00
8.641906629730286005e-01 9.601432184835760886e-01 2.123881927290245109e-01 3.651076763350311616e+00
8.751260820038359034e-01 9.642030387838445016e-01 2.070591861504464670e-01 3.642064198225607008e+00
8.864197903326859196e-01 9.682458365518542553e-01 2.018441848201652511e-01 3.636638898453852686e+00
8.980938647820777554e-01 9.722718241315028154e-01 1.967363985291411821e-01 3.621492019243176763e+00
9.101984200782946566e-01 9.762812094883318581e-01 1.917229739238434649e-01 3.573263066285659040e+00
9.227918546437816616e-01 9.802741963348826637e-01 1.867925844201885066e-01 3.466230343995611030e+00
9.359325681281557285e-01 9.842509842514763907e-01 1.819326550331755443e-01 3.284791972391083448e+00
9.497502485468483080e-01 9.882117688026185176e-01 1.771320231161496450e-01 3.035985545730589319e+00
9.646846704203684286e-01 9.921567416492215186e-01 1.723708862970478317e-01 2.748552622041537052e+00
9.812598986930620715e-01 9.960860906568267392e-01 1.676229088418621227e-01 2.457612258032939589e+00
1.000000000000000000e+00 1.000000000000000000e+00 1.631019999999999970e-01 2.201760000000000161e+00
