# 1.rho_tor 2.rho_pol 3.Tz(keV) 4.nz(10^19m^-3)
#
0.000000000000000000e+00 0.000000000000000000e+00 1.302672999999999970e+00 1.118000000000000382e-01
5.743850543354890592e-02 8.838834764831882129e-02 1.296486762981762908e+00 1.139213507337846487e-01
8.173464529773108445e-02 1.249999999999997363e-01 1.290144854696854360e+00 1.158300713627927331e-01
1.001117722570662172e-01 1.530931089239486176e-01 1.283645283300317574e+00 1.175391505439490475e-01
1.155557900880957445e-01 1.767766952966370875e-01 1.276999579463606427e+00 1.190589526692187872e-01
1.292178929487707573e-01 1.976423537605235536e-01 1.270206368560153676e+00 1.203992690442951125e-01
1.415593010732134061e-01 2.165063509461096491e-01 1.263270526498860402e+00 1.215756281080108275e-01
1.528280418858896927e-01 2.338535866733714719e-01 1.256195393697514540e+00 1.225957945175688152e-01
1.632720797055191297e-01 2.499999999999998612e-01 1.248984523535940028e+00 1.234729974854451712e-01
1.731101217092323730e-01 2.651650429449552981e-01 1.241641463064006468e+00 1.242202976805355519e-01
1.824275361649524696e-01 2.795084971874738367e-01 1.234168772849032703e+00 1.248492491269039134e-01
1.912717262784867089e-01 2.931509849889642472e-01 1.226571165385633932e+00 1.253681326094713278e-01
1.996900925146574968e-01 3.061862178478972352e-01 1.218851370723766481e+00 1.257946873484641903e-01
2.077300353382865450e-01 3.186887195995491417e-01 1.211013355338461217e+00 1.261353167640350270e-01
2.154389552141958708e-01 3.307189138830737285e-01 1.203060033323212208e+00 1.264056521466485894e-01
2.228642526072077135e-01 3.423265984407288243e-01 1.194996403898321402e+00 1.266149094782053341e-01
2.300533279821438404e-01 3.535533905932738974e-01 1.186824471050744734e+00 1.267747795071671457e-01
2.370486791108928903e-01 3.644344934278311854e-01 1.178548641635701166e+00 1.268979675461729129e-01
2.438673240920662122e-01 3.750000000000000000e-01 1.170171983517473535e+00 1.269966169909093889e-01
2.505180295553092740e-01 3.852758751855611119e-01 1.161698103008208305e+00 1.270822773882171741e-01
2.570095579059227253e-01 3.952847075210473293e-01 1.153130312954344650e+00 1.271664718628473245e-01
2.633506715492079375e-01 4.050462936504912737e-01 1.144471850606699315e+00 1.272607233104369462e-01
2.695501328904652549e-01 4.145780987944250873e-01 1.135726705334132891e+00 1.273765548156865213e-01
2.756167043349959656e-01 4.238956239453292030e-01 1.126897338801567727e+00 1.275252128049751132e-01
2.815591482881004137e-01 4.330127018922192983e-01 1.117989369214934081e+00 1.277163581680057225e-01
2.873862271550797765e-01 4.419417382415922746e-01 1.109004430424833432e+00 1.279589825426881711e-01
2.931067033412346201e-01 4.506939094329985851e-01 1.099946431760926435e+00 1.282619124535820943e-01
2.987293392518660662e-01 4.592793267718459083e-01 1.090820122011130877e+00 1.286337214252764316e-01
3.042628972922747921e-01 4.677071733467426662e-01 1.081626969921713144e+00 1.290834965032354453e-01
3.097161398677615862e-01 4.759858191164942354e-01 1.072372510001819323e+00 1.296211863179072554e-01
3.150978293836274591e-01 4.841229182759271277e-01 1.063058854662993102e+00 1.302561335461455694e-01
3.204167282451729215e-01 4.921254921257381398e-01 1.053690275662405140e+00 1.309970483254116469e-01
3.256815988576990950e-01 4.999999999999999445e-01 1.044270197068298378e+00 1.318543011145910937e-01
3.309003303660053574e-01 5.077524002897475519e-01 1.034801995987122636e+00 1.328431591073804541e-01
3.360764412409512625e-01 5.153882032022075732e-01 1.025288431846701265e+00 1.339774705512878361e-01
3.412120853925261210e-01 5.229125165837971156e-01 1.015733683191368142e+00 1.352679549164693407e-01
3.463094162756936156e-01 5.303300858899105963e-01 1.006141009294082789e+00 1.367303166823271021e-01
3.513705873454167627e-01 5.376453291901641673e-01 9.965138872863529285e-01 1.383814591608442390e-01
3.563977520566591894e-01 5.448623679425841360e-01 9.868566078136722375e-01 1.402329520838556942e-01
3.613930638643841897e-01 5.519850541454904835e-01 9.771716042717741857e-01 1.422838490737273476e-01
3.663586762235551686e-01 5.590169943749474513e-01 9.674629943194532622e-01 1.445318601436125228e-01
3.712967425891355311e-01 5.659615711335884702e-01 9.577342149689469508e-01 1.469763337147684534e-01
3.762094164160887932e-01 5.728219618694799786e-01 9.479881638849856351e-01 1.496144748556232917e-01
3.810988511593781936e-01 5.796011559684814962e-01 9.382288175252276874e-01 1.524420686416451121e-01
3.859672002739672481e-01 5.863019699779286054e-01 9.284596591962932521e-01 1.554603194866533145e-01
3.908166172148192508e-01 5.929270612815711328e-01 9.186845284520174237e-01 1.586650408304802196e-01
3.956492554368976067e-01 5.994789404140898892e-01 9.089070173270137332e-01 1.620552478334320312e-01
4.004672683951657763e-01 6.059599821770410566e-01 8.991291298634737084e-01 1.656275991404850823e-01
4.052728095445871648e-01 6.123724356957944703e-01 8.893563307213414593e-01 1.693771155492417857e-01
4.100680323401251770e-01 6.187184335382290845e-01 8.795905881260658310e-01 1.732981537568984709e-01
4.148550902367428295e-01 6.250000000000000000e-01 8.698359779801047020e-01 1.773834348551847073e-01
4.196361366894043043e-01 6.312190586476298382e-01 8.600967416116838127e-01 1.816266659398892147e-01
4.244133251530722295e-01 6.373774391990980615e-01 8.503752410305140952e-01 1.860225027524586017e-01
4.291888090827103430e-01 6.434768838116874390e-01 8.406757310082748624e-01 1.905692678369866333e-01
4.339647419332820499e-01 6.495190528383290030e-01 8.310011577827693952e-01 1.952584188033044399e-01
4.387432771597507553e-01 6.555055301063447137e-01 8.213547666897770272e-01 2.000869525219028389e-01
4.435265682170796420e-01 6.614378277661475680e-01 8.117417494356653496e-01 2.050480453076941323e-01
4.483167685602324481e-01 6.673173907519569514e-01 8.021632515827834542e-01 2.101351189800581554e-01
4.531160316441723013e-01 6.731456008918129674e-01 7.926249140922917436e-01 2.153391757475505985e-01
4.579265109238626619e-01 6.789237807000134683e-01 7.831289283281241964e-01 2.206580890265328332e-01
4.627503598542669905e-01 6.846531968814576485e-01 7.736789343769407967e-01 2.260854661051119874e-01
4.675897318903486366e-01 6.903350635742038222e-01 7.642782251760986689e-01 2.316105578896349160e-01
4.724467804870709498e-01 6.959705453537526898e-01 7.549311208938271900e-01 2.372273004315910705e-01
4.773236590993974460e-01 7.015607600201140270e-01 7.456401351050335746e-01 2.429302686283104640e-01
4.822225211822913638e-01 7.071067811865475727e-01 7.364112976451636650e-01 2.487097773394226496e-01
4.871456454034019390e-01 7.126096406869611988e-01 7.272443628427572859e-01 2.545560528679760015e-01
4.920958918502955637e-01 7.180703308172535770e-01 7.181450102343241992e-01 2.604649143484129015e-01
4.970762892462516902e-01 7.234898064243890925e-01 7.091158261667197538e-01 2.664226617943735720e-01
5.020898663324058209e-01 7.288689868556625928e-01 7.001610068004964216e-01 2.724205651924511695e-01
5.071396518498937356e-01 7.342087577794206288e-01 6.912836700773745680e-01 2.784487796085091671e-01
5.122286745398505481e-01 7.395099728874520162e-01 6.824877249057491602e-01 2.845005273405985524e-01
5.173599631434120383e-01 7.447734554883115310e-01 6.737762073142409269e-01 2.905586061408191312e-01
5.225365464017137640e-01 7.500000000000000000e-01 6.651520250449260985e-01 2.966174825143267912e-01
5.277614530558909500e-01 7.551903733496607707e-01 6.566203118892139923e-01 3.026643282543950986e-01
5.330377118470795983e-01 7.603453162872774174e-01 6.481838800707824255e-01 3.086843075008271486e-01
5.383683515164146005e-01 7.654655446197431434e-01 6.398448687739941576e-01 3.146695348854445795e-01
5.437564008050317366e-01 7.705517503711220018e-01 6.316083135621461953e-01 3.206037081341792661e-01
5.492048884540667864e-01 7.756046028744285614e-01 6.234769324506739263e-01 3.264776144334714525e-01
5.547168432046549746e-01 7.806247497997997886e-01 6.154553326936610391e-01 3.322745014592841661e-01
5.602952937979318593e-01 7.856128181235334518e-01 6.075453440374463110e-01 3.379849291877889406e-01
5.659432689750328871e-01 7.905694150420948807e-01 5.997507977672638102e-01 3.435913129889704987e-01
5.716637974770939490e-01 7.954951288348659499e-01 5.920767150705106285e-01 3.490744456916217153e-01
5.774599080452498256e-01 8.003905296791060664e-01 5.845244924055860158e-01 3.544222252899720260e-01
5.833346294206367411e-01 8.052561704203203830e-01 5.770986291936985868e-01 3.596105241828945198e-01
5.892909903443899200e-01 8.100925873009825473e-01 5.698024737838468523e-01 3.646255370651091954e-01
5.953320195576445872e-01 8.149003006503311441e-01 5.626392848946658587e-01 3.694483744352092813e-01
6.014607458015367447e-01 8.196798155377500450e-01 5.556125058492393798e-01 3.740591600867408384e-01
6.076801978172016172e-01 8.244316223920574727e-01 5.487254770554647054e-01 3.784399035457113314e-01
6.139934043457748736e-01 8.291561975888499525e-01 5.419819385780404453e-01 3.825689687143101203e-01
6.204033941283919606e-01 8.338540040078958882e-01 5.353844911841123544e-01 3.864219465512415685e-01
6.269131959061884363e-01 8.385254915624211769e-01 5.289365731488078204e-01 3.899765839064213702e-01
6.335258384202996362e-01 8.431710977020026032e-01 5.226410407451073104e-01 3.932103313314124216e-01
6.402443504118610074e-01 8.477912478906585170e-01 5.165016041339147712e-01 3.961019111178148422e-01
6.470717606220086626e-01 8.523863560616159463e-01 5.105196512456406932e-01 3.986278912383832695e-01
6.540110977918773827e-01 8.569568250501304885e-01 5.046982426909026875e-01 4.007658830463282640e-01
6.610653906626030585e-01 8.615030470056388445e-01 4.990395594264488421e-01 4.024921196584858585e-01
6.682376679753211368e-01 8.660254037844385966e-01 4.935452885523119448e-01 4.037849901288025900e-01
6.755309533895138552e-01 8.705242673240074502e-01 4.882159624541823617e-01 4.046228065546482178e-01
6.829482486658157159e-01 8.750000000000000000e-01 4.830512874706171522e-01 4.049822169892736690e-01
6.904925496671580065e-01 8.794529549668930191e-01 4.780503464192376595e-01 4.048241983332614424e-01
6.981668522563876378e-01 8.838834764831844382e-01 4.732111890409468336e-01 4.040973444001864090e-01
7.059741522963517424e-01 8.882919002219934468e-01 4.685254792254975875e-01 4.027544469123348625e-01
7.139174456498971200e-01 8.926785535678563033e-01 4.639871784868047633e-01 4.007378653964873694e-01
7.219997281798715694e-01 8.970437559004577066e-01 4.595838521871075666e-01 3.979940711048772783e-01
7.302239957491214462e-01 9.013878188659972812e-01 4.552941152312072748e-01 3.944612157224267612e-01
7.385932442204938830e-01 9.057110466368398782e-01 4.510948577046977603e-01 3.900802125058855374e-01
7.471104694568366789e-01 9.100137361600647568e-01 4.469490377092013023e-01 3.847899951435785892e-01
7.557786673209964112e-01 9.142961773954870752e-01 4.428006918600531083e-01 3.785270744923174835e-01
7.646008336758201018e-01 9.185586535436918165e-01 4.385873060365658160e-01 3.712381490646943227e-01
7.735799643841551054e-01 9.228014412645875186e-01 4.342112495390921811e-01 3.628782809005282606e-01
7.827190553088479996e-01 9.270248108869578729e-01 4.295438979355455933e-01 3.534163331716395628e-01
7.920211023127468053e-01 9.312290266094587210e-01 4.244232404796558500e-01 3.428373772904872996e-01
8.014891012586975449e-01 9.354143466934853324e-01 4.186239283563543134e-01 3.311489412343360250e-01
8.111295090685418652e-01 9.395810236483067568e-01 4.118666987216554887e-01 3.183879312955709140e-01
8.209631522011034965e-01 9.437293044088437277e-01 4.037992424273816328e-01 3.046208042740702893e-01
8.310145857695451221e-01 9.478594305064438341e-01 3.939920099442524859e-01 2.899459723628139973e-01
8.413083648939001513e-01 9.519716382329885818e-01 3.819549508045292918e-01 2.744893971258569598e-01
8.518690446942042138e-01 9.560661587986472032e-01 3.671658655053012255e-01 2.584074106398628334e-01
8.627211802904906079e-01 9.601432184835759776e-01 3.491349991805745567e-01 2.418754368935701338e-01
8.738893268027942973e-01 9.642030387838445016e-01 3.275117055987539216e-01 2.250944236722157432e-01
8.853980393511492464e-01 9.682458365518542553e-01 3.022109155547367809e-01 2.082647512600505346e-01
8.972779671284761838e-01 9.722718241315028154e-01 2.735514724377269835e-01 1.915943811036044109e-01
9.095885913025784086e-01 9.762812094883317471e-01 2.423263423258128768e-01 1.752755021280693049e-01
9.223979113428256715e-01 9.802741963348826637e-01 2.097582240713906088e-01 1.594854296739589283e-01
9.357739279805122878e-01 9.842509842514762797e-01 1.773287673437307921e-01 1.443742222995669233e-01
9.498387997072275102e-01 9.882117688026185176e-01 1.465175733684880022e-01 1.300641652331590015e-01
9.649502576836818113e-01 9.921567416492215186e-01 1.185218097152671568e-01 1.166446902309473954e-01
9.815300684923123908e-01 9.960860906568266282e-01 9.409198683152956988e-02 1.041715982845042854e-01
1.000000000000000000e+00 1.000000000000000000e+00 7.384499999999999398e-02 9.286500000000001698e-02
